44
 172.07  64.04   0.00   0.00  14.04  -3.98   0.00   0.00   0.00   0.00   0.00   0.00   0.00   0.00   0.00   0.00   0.00   0.00   0.00   0.00   0.00   0.00   0.00   0.00   0.00   0.00   0.00   0.00   0.00   0.00   0.00   0.00   0.00   0.00   0.00   0.00   0.00   0.00   0.00   0.00   0.00   0.00   0.00   0.00     16923.25 
 64.04  244.14  14.04   0.00  -3.98  28.07  -3.98   0.00   0.00   0.00   0.00   0.00   0.00   0.00   0.00   0.00   0.00   0.00   0.00   0.00   0.00   0.00   0.00   0.00   0.00   0.00   0.00   0.00   0.00   0.00   0.00   0.00   0.00   0.00   0.00   0.00   0.00   0.00   0.00   0.00   0.00   0.00   0.00   0.00     18846.50 
  0.00  14.04  144.14  14.04   0.00  -3.98  28.07  -3.98   0.00   0.00   0.00   0.00   0.00   0.00   0.00   0.00   0.00   0.00   0.00   0.00   0.00   0.00   0.00   0.00   0.00   0.00   0.00   0.00   0.00   0.00   0.00   0.00   0.00   0.00   0.00   0.00   0.00   0.00   0.00   0.00   0.00   0.00   0.00   0.00     3846.50 
  0.00   0.00  14.04  72.07   0.00   0.00  -3.98  14.04   0.00   0.00   0.00   0.00   0.00   0.00   0.00   0.00   0.00   0.00   0.00   0.00   0.00   0.00   0.00   0.00   0.00   0.00   0.00   0.00   0.00   0.00   0.00   0.00   0.00   0.00   0.00   0.00   0.00   0.00   0.00   0.00   0.00   0.00   0.00   0.00     1923.25 
 14.04  -3.98   0.00   0.00  144.14  28.07   0.00   0.00  14.04  -3.98   0.00   0.00   0.00   0.00   0.00   0.00   0.00   0.00   0.00   0.00   0.00   0.00   0.00   0.00   0.00   0.00   0.00   0.00   0.00   0.00   0.00   0.00   0.00   0.00   0.00   0.00   0.00   0.00   0.00   0.00   0.00   0.00   0.00   0.00     3846.50 
 -3.98  28.07  -3.98   0.00  28.07  288.29  28.07   0.00  -3.98  28.07  -3.98   0.00   0.00   0.00   0.00   0.00   0.00   0.00   0.00   0.00   0.00   0.00   0.00   0.00   0.00   0.00   0.00   0.00   0.00   0.00   0.00   0.00   0.00   0.00   0.00   0.00   0.00   0.00   0.00   0.00   0.00   0.00   0.00   0.00     7693.00 
  0.00  -3.98  28.07  -3.98   0.00  28.07  288.29  28.07   0.00  -3.98  28.07  -3.98   0.00   0.00   0.00   0.00   0.00   0.00   0.00   0.00   0.00   0.00   0.00   0.00   0.00   0.00   0.00   0.00   0.00   0.00   0.00   0.00   0.00   0.00   0.00   0.00   0.00   0.00   0.00   0.00   0.00   0.00   0.00   0.00     7693.00 
  0.00   0.00  -3.98  14.04   0.00   0.00  28.07  144.14   0.00   0.00  -3.98  14.04   0.00   0.00   0.00   0.00   0.00   0.00   0.00   0.00   0.00   0.00   0.00   0.00   0.00   0.00   0.00   0.00   0.00   0.00   0.00   0.00   0.00   0.00   0.00   0.00   0.00   0.00   0.00   0.00   0.00   0.00   0.00   0.00     3846.50 
  0.00   0.00   0.00   0.00  14.04  -3.98   0.00   0.00  144.14  28.07   0.00   0.00  14.04  -3.98   0.00   0.00   0.00   0.00   0.00   0.00   0.00   0.00   0.00   0.00   0.00   0.00   0.00   0.00   0.00   0.00   0.00   0.00   0.00   0.00   0.00   0.00   0.00   0.00   0.00   0.00   0.00   0.00   0.00   0.00     3846.50 
  0.00   0.00   0.00   0.00  -3.98  28.07  -3.98   0.00  28.07  288.29  28.07   0.00  -3.98  28.07  -3.98   0.00   0.00   0.00   0.00   0.00   0.00   0.00   0.00   0.00   0.00   0.00   0.00   0.00   0.00   0.00   0.00   0.00   0.00   0.00   0.00   0.00   0.00   0.00   0.00   0.00   0.00   0.00   0.00   0.00     7693.00 
  0.00   0.00   0.00   0.00   0.00  -3.98  28.07  -3.98   0.00  28.07  288.29  28.07   0.00  -3.98  28.07  -3.98   0.00   0.00   0.00   0.00   0.00   0.00   0.00   0.00   0.00   0.00   0.00   0.00   0.00   0.00   0.00   0.00   0.00   0.00   0.00   0.00   0.00   0.00   0.00   0.00   0.00   0.00   0.00   0.00     7693.00 
  0.00   0.00   0.00   0.00   0.00   0.00  -3.98  14.04   0.00   0.00  28.07  144.14   0.00   0.00  -3.98  14.04   0.00   0.00   0.00   0.00   0.00   0.00   0.00   0.00   0.00   0.00   0.00   0.00   0.00   0.00   0.00   0.00   0.00   0.00   0.00   0.00   0.00   0.00   0.00   0.00   0.00   0.00   0.00   0.00     3846.50 
  0.00   0.00   0.00   0.00   0.00   0.00   0.00   0.00  14.04  -3.98   0.00   0.00  144.14  28.07   0.00   0.00  14.04  -3.98   0.00   0.00   0.00   0.00   0.00   0.00   0.00   0.00   0.00   0.00   0.00   0.00   0.00   0.00   0.00   0.00   0.00   0.00   0.00   0.00   0.00   0.00   0.00   0.00   0.00   0.00     3846.50 
  0.00   0.00   0.00   0.00   0.00   0.00   0.00   0.00  -3.98  28.07  -3.98   0.00  28.07  288.29  28.07   0.00  -3.98  28.07  -3.98   0.00   0.00   0.00   0.00   0.00   0.00   0.00   0.00   0.00   0.00   0.00   0.00   0.00   0.00   0.00   0.00   0.00   0.00   0.00   0.00   0.00   0.00   0.00   0.00   0.00     7693.00 
  0.00   0.00   0.00   0.00   0.00   0.00   0.00   0.00   0.00  -3.98  28.07  -3.98   0.00  28.07  288.29  28.07   0.00  -3.98  28.07  -3.98   0.00   0.00   0.00   0.00   0.00   0.00   0.00   0.00   0.00   0.00   0.00   0.00   0.00   0.00   0.00   0.00   0.00   0.00   0.00   0.00   0.00   0.00   0.00   0.00     7693.00 
  0.00   0.00   0.00   0.00   0.00   0.00   0.00   0.00   0.00   0.00  -3.98  14.04   0.00   0.00  28.07  144.14   0.00   0.00  -3.98  14.04   0.00   0.00   0.00   0.00   0.00   0.00   0.00   0.00   0.00   0.00   0.00   0.00   0.00   0.00   0.00   0.00   0.00   0.00   0.00   0.00   0.00   0.00   0.00   0.00     3846.50 
  0.00   0.00   0.00   0.00   0.00   0.00   0.00   0.00   0.00   0.00   0.00   0.00  14.04  -3.98   0.00   0.00  144.14  28.07   0.00   0.00  14.04  -3.98   0.00   0.00   0.00   0.00   0.00   0.00   0.00   0.00   0.00   0.00   0.00   0.00   0.00   0.00   0.00   0.00   0.00   0.00   0.00   0.00   0.00   0.00     3846.50 
  0.00   0.00   0.00   0.00   0.00   0.00   0.00   0.00   0.00   0.00   0.00   0.00  -3.98  28.07  -3.98   0.00  28.07  288.29  28.07   0.00  -3.98  28.07  -3.98   0.00   0.00   0.00   0.00   0.00   0.00   0.00   0.00   0.00   0.00   0.00   0.00   0.00   0.00   0.00   0.00   0.00   0.00   0.00   0.00   0.00     7693.00 
  0.00   0.00   0.00   0.00   0.00   0.00   0.00   0.00   0.00   0.00   0.00   0.00   0.00  -3.98  28.07  -3.98   0.00  28.07  288.29  28.07   0.00  -3.98  28.07  -3.98   0.00   0.00   0.00   0.00   0.00   0.00   0.00   0.00   0.00   0.00   0.00   0.00   0.00   0.00   0.00   0.00   0.00   0.00   0.00   0.00     7693.00 
  0.00   0.00   0.00   0.00   0.00   0.00   0.00   0.00   0.00   0.00   0.00   0.00   0.00   0.00  -3.98  14.04   0.00   0.00  28.07  144.14   0.00   0.00  -3.98  14.04   0.00   0.00   0.00   0.00   0.00   0.00   0.00   0.00   0.00   0.00   0.00   0.00   0.00   0.00   0.00   0.00   0.00   0.00   0.00   0.00     3846.50 
  0.00   0.00   0.00   0.00   0.00   0.00   0.00   0.00   0.00   0.00   0.00   0.00   0.00   0.00   0.00   0.00  14.04  -3.98   0.00   0.00  144.14  28.07   0.00   0.00  14.04  -3.98   0.00   0.00   0.00   0.00   0.00   0.00   0.00   0.00   0.00   0.00   0.00   0.00   0.00   0.00   0.00   0.00   0.00   0.00     3846.50 
  0.00   0.00   0.00   0.00   0.00   0.00   0.00   0.00   0.00   0.00   0.00   0.00   0.00   0.00   0.00   0.00  -3.98  28.07  -3.98   0.00  28.07  288.29  28.07   0.00  -3.98  28.07  -3.98   0.00   0.00   0.00   0.00   0.00   0.00   0.00   0.00   0.00   0.00   0.00   0.00   0.00   0.00   0.00   0.00   0.00     7693.00 
  0.00   0.00   0.00   0.00   0.00   0.00   0.00   0.00   0.00   0.00   0.00   0.00   0.00   0.00   0.00   0.00   0.00  -3.98  28.07  -3.98   0.00  28.07  288.29  28.07   0.00  -3.98  28.07  -3.98   0.00   0.00   0.00   0.00   0.00   0.00   0.00   0.00   0.00   0.00   0.00   0.00   0.00   0.00   0.00   0.00     7693.00 
  0.00   0.00   0.00   0.00   0.00   0.00   0.00   0.00   0.00   0.00   0.00   0.00   0.00   0.00   0.00   0.00   0.00   0.00  -3.98  14.04   0.00   0.00  28.07  144.14   0.00   0.00  -3.98  14.04   0.00   0.00   0.00   0.00   0.00   0.00   0.00   0.00   0.00   0.00   0.00   0.00   0.00   0.00   0.00   0.00     3846.50 
  0.00   0.00   0.00   0.00   0.00   0.00   0.00   0.00   0.00   0.00   0.00   0.00   0.00   0.00   0.00   0.00   0.00   0.00   0.00   0.00  14.04  -3.98   0.00   0.00  144.14  28.07   0.00   0.00  14.04  -3.98   0.00   0.00   0.00   0.00   0.00   0.00   0.00   0.00   0.00   0.00   0.00   0.00   0.00   0.00     3846.50 
  0.00   0.00   0.00   0.00   0.00   0.00   0.00   0.00   0.00   0.00   0.00   0.00   0.00   0.00   0.00   0.00   0.00   0.00   0.00   0.00  -3.98  28.07  -3.98   0.00  28.07  288.29  28.07   0.00  -3.98  28.07  -3.98   0.00   0.00   0.00   0.00   0.00   0.00   0.00   0.00   0.00   0.00   0.00   0.00   0.00     7693.00 
  0.00   0.00   0.00   0.00   0.00   0.00   0.00   0.00   0.00   0.00   0.00   0.00   0.00   0.00   0.00   0.00   0.00   0.00   0.00   0.00   0.00  -3.98  28.07  -3.98   0.00  28.07  288.29  28.07   0.00  -3.98  28.07  -3.98   0.00   0.00   0.00   0.00   0.00   0.00   0.00   0.00   0.00   0.00   0.00   0.00     7693.00 
  0.00   0.00   0.00   0.00   0.00   0.00   0.00   0.00   0.00   0.00   0.00   0.00   0.00   0.00   0.00   0.00   0.00   0.00   0.00   0.00   0.00   0.00  -3.98  14.04   0.00   0.00  28.07  144.14   0.00   0.00  -3.98  14.04   0.00   0.00   0.00   0.00   0.00   0.00   0.00   0.00   0.00   0.00   0.00   0.00     3846.50 
  0.00   0.00   0.00   0.00   0.00   0.00   0.00   0.00   0.00   0.00   0.00   0.00   0.00   0.00   0.00   0.00   0.00   0.00   0.00   0.00   0.00   0.00   0.00   0.00  14.04  -3.98   0.00   0.00  144.14  28.07   0.00   0.00  14.04  -3.98   0.00   0.00   0.00   0.00   0.00   0.00   0.00   0.00   0.00   0.00     3846.50 
  0.00   0.00   0.00   0.00   0.00   0.00   0.00   0.00   0.00   0.00   0.00   0.00   0.00   0.00   0.00   0.00   0.00   0.00   0.00   0.00   0.00   0.00   0.00   0.00  -3.98  28.07  -3.98   0.00  28.07  288.29  28.07   0.00  -3.98  28.07  -3.98   0.00   0.00   0.00   0.00   0.00   0.00   0.00   0.00   0.00     7693.00 
  0.00   0.00   0.00   0.00   0.00   0.00   0.00   0.00   0.00   0.00   0.00   0.00   0.00   0.00   0.00   0.00   0.00   0.00   0.00   0.00   0.00   0.00   0.00   0.00   0.00  -3.98  28.07  -3.98   0.00  28.07  288.29  28.07   0.00  -3.98  28.07  -3.98   0.00   0.00   0.00   0.00   0.00   0.00   0.00   0.00     7693.00 
  0.00   0.00   0.00   0.00   0.00   0.00   0.00   0.00   0.00   0.00   0.00   0.00   0.00   0.00   0.00   0.00   0.00   0.00   0.00   0.00   0.00   0.00   0.00   0.00   0.00   0.00  -3.98  14.04   0.00   0.00  28.07  144.14   0.00   0.00  -3.98  14.04   0.00   0.00   0.00   0.00   0.00   0.00   0.00   0.00     3846.50 
  0.00   0.00   0.00   0.00   0.00   0.00   0.00   0.00   0.00   0.00   0.00   0.00   0.00   0.00   0.00   0.00   0.00   0.00   0.00   0.00   0.00   0.00   0.00   0.00   0.00   0.00   0.00   0.00  14.04  -3.98   0.00   0.00  144.14  28.07   0.00   0.00  14.04  -3.98   0.00   0.00   0.00   0.00   0.00   0.00     3846.50 
  0.00   0.00   0.00   0.00   0.00   0.00   0.00   0.00   0.00   0.00   0.00   0.00   0.00   0.00   0.00   0.00   0.00   0.00   0.00   0.00   0.00   0.00   0.00   0.00   0.00   0.00   0.00   0.00  -3.98  28.07  -3.98   0.00  28.07  288.29  28.07   0.00  -3.98  28.07  -3.98   0.00   0.00   0.00   0.00   0.00     7693.00 
  0.00   0.00   0.00   0.00   0.00   0.00   0.00   0.00   0.00   0.00   0.00   0.00   0.00   0.00   0.00   0.00   0.00   0.00   0.00   0.00   0.00   0.00   0.00   0.00   0.00   0.00   0.00   0.00   0.00  -3.98  28.07  -3.98   0.00  28.07  288.29  28.07   0.00  -3.98  28.07  -3.98   0.00   0.00   0.00   0.00     7693.00 
  0.00   0.00   0.00   0.00   0.00   0.00   0.00   0.00   0.00   0.00   0.00   0.00   0.00   0.00   0.00   0.00   0.00   0.00   0.00   0.00   0.00   0.00   0.00   0.00   0.00   0.00   0.00   0.00   0.00   0.00  -3.98  14.04   0.00   0.00  28.07  144.14   0.00   0.00  -3.98  14.04   0.00   0.00   0.00   0.00     3846.50 
  0.00   0.00   0.00   0.00   0.00   0.00   0.00   0.00   0.00   0.00   0.00   0.00   0.00   0.00   0.00   0.00   0.00   0.00   0.00   0.00   0.00   0.00   0.00   0.00   0.00   0.00   0.00   0.00   0.00   0.00   0.00   0.00  14.04  -3.98   0.00   0.00  144.14  28.07   0.00   0.00  14.04  -3.98   0.00   0.00     3846.50 
  0.00   0.00   0.00   0.00   0.00   0.00   0.00   0.00   0.00   0.00   0.00   0.00   0.00   0.00   0.00   0.00   0.00   0.00   0.00   0.00   0.00   0.00   0.00   0.00   0.00   0.00   0.00   0.00   0.00   0.00   0.00   0.00  -3.98  28.07  -3.98   0.00  28.07  288.29  28.07   0.00  -3.98  28.07  -3.98   0.00     7693.00 
  0.00   0.00   0.00   0.00   0.00   0.00   0.00   0.00   0.00   0.00   0.00   0.00   0.00   0.00   0.00   0.00   0.00   0.00   0.00   0.00   0.00   0.00   0.00   0.00   0.00   0.00   0.00   0.00   0.00   0.00   0.00   0.00   0.00  -3.98  28.07  -3.98   0.00  28.07  288.29  28.07   0.00  -3.98  28.07  -3.98     7693.00 
  0.00   0.00   0.00   0.00   0.00   0.00   0.00   0.00   0.00   0.00   0.00   0.00   0.00   0.00   0.00   0.00   0.00   0.00   0.00   0.00   0.00   0.00   0.00   0.00   0.00   0.00   0.00   0.00   0.00   0.00   0.00   0.00   0.00   0.00  -3.98  14.04   0.00   0.00  28.07  144.14   0.00   0.00  -3.98  14.04     3846.50 
  0.00   0.00   0.00   0.00   0.00   0.00   0.00   0.00   0.00   0.00   0.00   0.00   0.00   0.00   0.00   0.00   0.00   0.00   0.00   0.00   0.00   0.00   0.00   0.00   0.00   0.00   0.00   0.00   0.00   0.00   0.00   0.00   0.00   0.00   0.00   0.00  14.04  -3.98   0.00   0.00  72.07  14.04   0.00   0.00     1923.25 
  0.00   0.00   0.00   0.00   0.00   0.00   0.00   0.00   0.00   0.00   0.00   0.00   0.00   0.00   0.00   0.00   0.00   0.00   0.00   0.00   0.00   0.00   0.00   0.00   0.00   0.00   0.00   0.00   0.00   0.00   0.00   0.00   0.00   0.00   0.00   0.00  -3.98  28.07  -3.98   0.00  14.04  144.14  14.04   0.00     3846.50 
  0.00   0.00   0.00   0.00   0.00   0.00   0.00   0.00   0.00   0.00   0.00   0.00   0.00   0.00   0.00   0.00   0.00   0.00   0.00   0.00   0.00   0.00   0.00   0.00   0.00   0.00   0.00   0.00   0.00   0.00   0.00   0.00   0.00   0.00   0.00   0.00   0.00  -3.98  28.07  -3.98   0.00  14.04  144.14  14.04     3846.50 
  0.00   0.00   0.00   0.00   0.00   0.00   0.00   0.00   0.00   0.00   0.00   0.00   0.00   0.00   0.00   0.00   0.00   0.00   0.00   0.00   0.00   0.00   0.00   0.00   0.00   0.00   0.00   0.00   0.00   0.00   0.00   0.00   0.00   0.00   0.00   0.00   0.00   0.00  -3.98  14.04   0.00   0.00  14.04  72.07     1923.25 
