44x44.dat
Size: 
001: ............................................
002: ............................................
003: 11111111111111111111111111111111111111111111
004: 11111111111111111111111111111111111111111111
005: 22121122222222222222222222222222222222222222
006: 22222222222222222222222222222222222222222222
007: 33222233333333333333333333333333333333333333
008: 33333333333333333333333333333333333333333333
009: 33333333334444444444444444444444444444444444
010: 44443444444444444444444444444444444444444444
011: 44444444444454555555555555555555555555555555
012: 55454555555555555555555555555555555555555555
013: 55555555555555556666666666666666666666666666
014: 66565566666666666666666666666666666666666666
014:   7.71481447e+01  5.45982466e+01  1.62434955e+01  2.08767081e+01  1.58208741e+01  1.76480760e+01  2.11478887e+01  1.95708211e+01  2.03088701e+01  2.01762933e+01  1.98188367e+01  2.01109192e+01  1.99771545e+01  1.99840889e+01  2.00256930e+01  1.99781003e+01  2.00007726e+01  2.00018763e+01  1.99964262e+01  2.00029647e+01  1.99993830e+01  1.99997639e+01  2.00005416e+01  1.99988551e+01  1.99993978e+01  2.00000696e+01  1.99999530e+01  1.99994954e+01  1.99994162e+01  2.00000207e+01  2.00000386e+01  1.99993998e+01  1.99993995e+01  2.00000304e+01  2.00000277e+01  1.99994021e+01  1.99995232e+01  2.00000403e+01  2.00000407e+01  1.99995228e+01  1.99981029e+01  1.99995128e+01  1.99995127e+01  1.99981030e+01
    user cpu time: 0.00 [sec]

