 128

  1  0  0  0  0  0  0  0   0  0  0  0  0  0  0  0   0  0  0  0  0  0  0  0   0  0  0  0  0  0  0  0   0  0  0  0  0  0  0  0   0  0  0  0  0  0  0  0   0  0  0  0  0  0  0  0   0  0  0  0  0  0  0  0   0  0  0  0  0  0  0  0   0  0  0  0  0  0  0  0   0  0  0  0  0  0  0  0   0  0  0  0  0  0  0  0   0  0  0  0  0  0  0  0   0  0  0  0  0  0  0  0   0  0  0  0  0  0  0  0   0  0  0  0  0  0  0  0    100
 -1  3 -1  0  0  0  0  0   0 -1  0  0  0  0  0  0   0  0  0  0  0  0  0  0   0  0  0  0  0  0  0  0   0  0  0  0  0  0  0  0   0  0  0  0  0  0  0  0   0  0  0  0  0  0  0  0   0  0  0  0  0  0  0  0   0  0  0  0  0  0  0  0   0  0  0  0  0  0  0  0   0  0  0  0  0  0  0  0   0  0  0  0  0  0  0  0   0  0  0  0  0  0  0  0   0  0  0  0  0  0  0  0   0  0  0  0  0  0  0  0   0  0  0  0  0  0  0  0      0
  0 -1  3 -1  0  0  0  0   0  0 -1  0  0  0  0  0   0  0  0  0  0  0  0  0   0  0  0  0  0  0  0  0   0  0  0  0  0  0  0  0   0  0  0  0  0  0  0  0   0  0  0  0  0  0  0  0   0  0  0  0  0  0  0  0   0  0  0  0  0  0  0  0   0  0  0  0  0  0  0  0   0  0  0  0  0  0  0  0   0  0  0  0  0  0  0  0   0  0  0  0  0  0  0  0   0  0  0  0  0  0  0  0   0  0  0  0  0  0  0  0   0  0  0  0  0  0  0  0      0
  0  0 -1  3 -1  0  0  0   0  0  0 -1  0  0  0  0   0  0  0  0  0  0  0  0   0  0  0  0  0  0  0  0   0  0  0  0  0  0  0  0   0  0  0  0  0  0  0  0   0  0  0  0  0  0  0  0   0  0  0  0  0  0  0  0   0  0  0  0  0  0  0  0   0  0  0  0  0  0  0  0   0  0  0  0  0  0  0  0   0  0  0  0  0  0  0  0   0  0  0  0  0  0  0  0   0  0  0  0  0  0  0  0   0  0  0  0  0  0  0  0   0  0  0  0  0  0  0  0      0
  0  0  0 -1  3 -1  0  0   0  0  0  0 -1  0  0  0   0  0  0  0  0  0  0  0   0  0  0  0  0  0  0  0   0  0  0  0  0  0  0  0   0  0  0  0  0  0  0  0   0  0  0  0  0  0  0  0   0  0  0  0  0  0  0  0   0  0  0  0  0  0  0  0   0  0  0  0  0  0  0  0   0  0  0  0  0  0  0  0   0  0  0  0  0  0  0  0   0  0  0  0  0  0  0  0   0  0  0  0  0  0  0  0   0  0  0  0  0  0  0  0   0  0  0  0  0  0  0  0      0
  0  0  0  0 -1  3 -1  0   0  0  0  0  0 -1  0  0   0  0  0  0  0  0  0  0   0  0  0  0  0  0  0  0   0  0  0  0  0  0  0  0   0  0  0  0  0  0  0  0   0  0  0  0  0  0  0  0   0  0  0  0  0  0  0  0   0  0  0  0  0  0  0  0   0  0  0  0  0  0  0  0   0  0  0  0  0  0  0  0   0  0  0  0  0  0  0  0   0  0  0  0  0  0  0  0   0  0  0  0  0  0  0  0   0  0  0  0  0  0  0  0   0  0  0  0  0  0  0  0      0
  0  0  0  0  0 -1  3 -1   0  0  0  0  0  0 -1  0   0  0  0  0  0  0  0  0   0  0  0  0  0  0  0  0   0  0  0  0  0  0  0  0   0  0  0  0  0  0  0  0   0  0  0  0  0  0  0  0   0  0  0  0  0  0  0  0   0  0  0  0  0  0  0  0   0  0  0  0  0  0  0  0   0  0  0  0  0  0  0  0   0  0  0  0  0  0  0  0   0  0  0  0  0  0  0  0   0  0  0  0  0  0  0  0   0  0  0  0  0  0  0  0   0  0  0  0  0  0  0  0      0
  0  0  0  0  0  0 -1  2   0  0  0  0  0  0  0 -1   0  0  0  0  0  0  0  0   0  0  0  0  0  0  0  0   0  0  0  0  0  0  0  0   0  0  0  0  0  0  0  0   0  0  0  0  0  0  0  0   0  0  0  0  0  0  0  0   0  0  0  0  0  0  0  0   0  0  0  0  0  0  0  0   0  0  0  0  0  0  0  0   0  0  0  0  0  0  0  0   0  0  0  0  0  0  0  0   0  0  0  0  0  0  0  0   0  0  0  0  0  0  0  0   0  0  0  0  0  0  0  0      0

 -1  0  0  0  0  0  0  0   3 -1  0  0  0  0  0  0  -1  0  0  0  0  0  0  0   0  0  0  0  0  0  0  0   0  0  0  0  0  0  0  0   0  0  0  0  0  0  0  0   0  0  0  0  0  0  0  0   0  0  0  0  0  0  0  0   0  0  0  0  0  0  0  0   0  0  0  0  0  0  0  0   0  0  0  0  0  0  0  0   0  0  0  0  0  0  0  0   0  0  0  0  0  0  0  0   0  0  0  0  0  0  0  0   0  0  0  0  0  0  0  0   0  0  0  0  0  0  0  0      0
  0 -1  0  0  0  0  0  0  -1  4 -1  0  0  0  0  0   0 -1  0  0  0  0  0  0   0  0  0  0  0  0  0  0   0  0  0  0  0  0  0  0   0  0  0  0  0  0  0  0   0  0  0  0  0  0  0  0   0  0  0  0  0  0  0  0   0  0  0  0  0  0  0  0   0  0  0  0  0  0  0  0   0  0  0  0  0  0  0  0   0  0  0  0  0  0  0  0   0  0  0  0  0  0  0  0   0  0  0  0  0  0  0  0   0  0  0  0  0  0  0  0   0  0  0  0  0  0  0  0      0
  0  0 -1  0  0  0  0  0   0 -1  4 -1  0  0  0  0   0  0 -1  0  0  0  0  0   0  0  0  0  0  0  0  0   0  0  0  0  0  0  0  0   0  0  0  0  0  0  0  0   0  0  0  0  0  0  0  0   0  0  0  0  0  0  0  0   0  0  0  0  0  0  0  0   0  0  0  0  0  0  0  0   0  0  0  0  0  0  0  0   0  0  0  0  0  0  0  0   0  0  0  0  0  0  0  0   0  0  0  0  0  0  0  0   0  0  0  0  0  0  0  0   0  0  0  0  0  0  0  0      0
  0  0  0 -1  0  0  0  0   0  0 -1  4 -1  0  0  0   0  0  0 -1  0  0  0  0   0  0  0  0  0  0  0  0   0  0  0  0  0  0  0  0   0  0  0  0  0  0  0  0   0  0  0  0  0  0  0  0   0  0  0  0  0  0  0  0   0  0  0  0  0  0  0  0   0  0  0  0  0  0  0  0   0  0  0  0  0  0  0  0   0  0  0  0  0  0  0  0   0  0  0  0  0  0  0  0   0  0  0  0  0  0  0  0   0  0  0  0  0  0  0  0   0  0  0  0  0  0  0  0      0
  0  0  0  0 -1  0  0  0   0  0  0 -1  4 -1  0  0   0  0  0  0 -1  0  0  0   0  0  0  0  0  0  0  0   0  0  0  0  0  0  0  0   0  0  0  0  0  0  0  0   0  0  0  0  0  0  0  0   0  0  0  0  0  0  0  0   0  0  0  0  0  0  0  0   0  0  0  0  0  0  0  0   0  0  0  0  0  0  0  0   0  0  0  0  0  0  0  0   0  0  0  0  0  0  0  0   0  0  0  0  0  0  0  0   0  0  0  0  0  0  0  0   0  0  0  0  0  0  0  0      0
  0  0  0  0  0 -1  0  0   0  0  0  0 -1  4 -1  0   0  0  0  0  0 -1  0  0   0  0  0  0  0  0  0  0   0  0  0  0  0  0  0  0   0  0  0  0  0  0  0  0   0  0  0  0  0  0  0  0   0  0  0  0  0  0  0  0   0  0  0  0  0  0  0  0   0  0  0  0  0  0  0  0   0  0  0  0  0  0  0  0   0  0  0  0  0  0  0  0   0  0  0  0  0  0  0  0   0  0  0  0  0  0  0  0   0  0  0  0  0  0  0  0   0  0  0  0  0  0  0  0      0
  0  0  0  0  0  0 -1  0   0  0  0  0  0 -1  4 -1   0  0  0  0  0  0 -1  0   0  0  0  0  0  0  0  0   0  0  0  0  0  0  0  0   0  0  0  0  0  0  0  0   0  0  0  0  0  0  0  0   0  0  0  0  0  0  0  0   0  0  0  0  0  0  0  0   0  0  0  0  0  0  0  0   0  0  0  0  0  0  0  0   0  0  0  0  0  0  0  0   0  0  0  0  0  0  0  0   0  0  0  0  0  0  0  0   0  0  0  0  0  0  0  0   0  0  0  0  0  0  0  0      0
  0  0  0  0  0  0  0 -1   0  0  0  0  0  0 -1  3   0  0  0  0  0  0  0 -1   0  0  0  0  0  0  0  0   0  0  0  0  0  0  0  0   0  0  0  0  0  0  0  0   0  0  0  0  0  0  0  0   0  0  0  0  0  0  0  0   0  0  0  0  0  0  0  0   0  0  0  0  0  0  0  0   0  0  0  0  0  0  0  0   0  0  0  0  0  0  0  0   0  0  0  0  0  0  0  0   0  0  0  0  0  0  0  0   0  0  0  0  0  0  0  0   0  0  0  0  0  0  0  0      0

  0  0  0  0  0  0  0  0  -1  0  0  0  0  0  0  0   3 -1  0  0  0  0  0  0  -1  0  0  0  0  0  0  0   0  0  0  0  0  0  0  0   0  0  0  0  0  0  0  0   0  0  0  0  0  0  0  0   0  0  0  0  0  0  0  0   0  0  0  0  0  0  0  0   0  0  0  0  0  0  0  0   0  0  0  0  0  0  0  0   0  0  0  0  0  0  0  0   0  0  0  0  0  0  0  0   0  0  0  0  0  0  0  0   0  0  0  0  0  0  0  0   0  0  0  0  0  0  0  0      0
  0  0  0  0  0  0  0  0   0 -1  0  0  0  0  0  0  -1  4 -1  0  0  0  0  0   0 -1  0  0  0  0  0  0   0  0  0  0  0  0  0  0   0  0  0  0  0  0  0  0   0  0  0  0  0  0  0  0   0  0  0  0  0  0  0  0   0  0  0  0  0  0  0  0   0  0  0  0  0  0  0  0   0  0  0  0  0  0  0  0   0  0  0  0  0  0  0  0   0  0  0  0  0  0  0  0   0  0  0  0  0  0  0  0   0  0  0  0  0  0  0  0   0  0  0  0  0  0  0  0      0
  0  0  0  0  0  0  0  0   0  0 -1  0  0  0  0  0   0 -1  4 -1  0  0  0  0   0  0 -1  0  0  0  0  0   0  0  0  0  0  0  0  0   0  0  0  0  0  0  0  0   0  0  0  0  0  0  0  0   0  0  0  0  0  0  0  0   0  0  0  0  0  0  0  0   0  0  0  0  0  0  0  0   0  0  0  0  0  0  0  0   0  0  0  0  0  0  0  0   0  0  0  0  0  0  0  0   0  0  0  0  0  0  0  0   0  0  0  0  0  0  0  0   0  0  0  0  0  0  0  0      0
  0  0  0  0  0  0  0  0   0  0  0 -1  0  0  0  0   0  0 -1  4 -1  0  0  0   0  0  0 -1  0  0  0  0   0  0  0  0  0  0  0  0   0  0  0  0  0  0  0  0   0  0  0  0  0  0  0  0   0  0  0  0  0  0  0  0   0  0  0  0  0  0  0  0   0  0  0  0  0  0  0  0   0  0  0  0  0  0  0  0   0  0  0  0  0  0  0  0   0  0  0  0  0  0  0  0   0  0  0  0  0  0  0  0   0  0  0  0  0  0  0  0   0  0  0  0  0  0  0  0      0
  0  0  0  0  0  0  0  0   0  0  0  0 -1  0  0  0   0  0  0 -1  4 -1  0  0   0  0  0  0 -1  0  0  0   0  0  0  0  0  0  0  0   0  0  0  0  0  0  0  0   0  0  0  0  0  0  0  0   0  0  0  0  0  0  0  0   0  0  0  0  0  0  0  0   0  0  0  0  0  0  0  0   0  0  0  0  0  0  0  0   0  0  0  0  0  0  0  0   0  0  0  0  0  0  0  0   0  0  0  0  0  0  0  0   0  0  0  0  0  0  0  0   0  0  0  0  0  0  0  0      0
  0  0  0  0  0  0  0  0   0  0  0  0  0 -1  0  0   0  0  0  0 -1  4 -1  0   0  0  0  0  0 -1  0  0   0  0  0  0  0  0  0  0   0  0  0  0  0  0  0  0   0  0  0  0  0  0  0  0   0  0  0  0  0  0  0  0   0  0  0  0  0  0  0  0   0  0  0  0  0  0  0  0   0  0  0  0  0  0  0  0   0  0  0  0  0  0  0  0   0  0  0  0  0  0  0  0   0  0  0  0  0  0  0  0   0  0  0  0  0  0  0  0   0  0  0  0  0  0  0  0      0
  0  0  0  0  0  0  0  0   0  0  0  0  0  0 -1  0   0  0  0  0  0 -1  4 -1   0  0  0  0  0  0 -1  0   0  0  0  0  0  0  0  0   0  0  0  0  0  0  0  0   0  0  0  0  0  0  0  0   0  0  0  0  0  0  0  0   0  0  0  0  0  0  0  0   0  0  0  0  0  0  0  0   0  0  0  0  0  0  0  0   0  0  0  0  0  0  0  0   0  0  0  0  0  0  0  0   0  0  0  0  0  0  0  0   0  0  0  0  0  0  0  0   0  0  0  0  0  0  0  0      0
  0  0  0  0  0  0  0  0   0  0  0  0  0  0  0 -1   0  0  0  0  0  0 -1  3   0  0  0  0  0  0  0 -1   0  0  0  0  0  0  0  0   0  0  0  0  0  0  0  0   0  0  0  0  0  0  0  0   0  0  0  0  0  0  0  0   0  0  0  0  0  0  0  0   0  0  0  0  0  0  0  0   0  0  0  0  0  0  0  0   0  0  0  0  0  0  0  0   0  0  0  0  0  0  0  0   0  0  0  0  0  0  0  0   0  0  0  0  0  0  0  0   0  0  0  0  0  0  0  0      0

  0  0  0  0  0  0  0  0   0  0  0  0  0  0  0  0  -1  0  0  0  0  0  0  0   3 -1  0  0  0  0  0  0  -1  0  0  0  0  0  0  0   0  0  0  0  0  0  0  0   0  0  0  0  0  0  0  0   0  0  0  0  0  0  0  0   0  0  0  0  0  0  0  0   0  0  0  0  0  0  0  0   0  0  0  0  0  0  0  0   0  0  0  0  0  0  0  0   0  0  0  0  0  0  0  0   0  0  0  0  0  0  0  0   0  0  0  0  0  0  0  0   0  0  0  0  0  0  0  0      0
  0  0  0  0  0  0  0  0   0  0  0  0  0  0  0  0   0 -1  0  0  0  0  0  0  -1  4 -1  0  0  0  0  0   0 -1  0  0  0  0  0  0   0  0  0  0  0  0  0  0   0  0  0  0  0  0  0  0   0  0  0  0  0  0  0  0   0  0  0  0  0  0  0  0   0  0  0  0  0  0  0  0   0  0  0  0  0  0  0  0   0  0  0  0  0  0  0  0   0  0  0  0  0  0  0  0   0  0  0  0  0  0  0  0   0  0  0  0  0  0  0  0   0  0  0  0  0  0  0  0      0
  0  0  0  0  0  0  0  0   0  0  0  0  0  0  0  0   0  0 -1  0  0  0  0  0   0 -1  4 -1  0  0  0  0   0  0 -1  0  0  0  0  0   0  0  0  0  0  0  0  0   0  0  0  0  0  0  0  0   0  0  0  0  0  0  0  0   0  0  0  0  0  0  0  0   0  0  0  0  0  0  0  0   0  0  0  0  0  0  0  0   0  0  0  0  0  0  0  0   0  0  0  0  0  0  0  0   0  0  0  0  0  0  0  0   0  0  0  0  0  0  0  0   0  0  0  0  0  0  0  0      0
  0  0  0  0  0  0  0  0   0  0  0  0  0  0  0  0   0  0  0 -1  0  0  0  0   0  0 -1  4 -1  0  0  0   0  0  0 -1  0  0  0  0   0  0  0  0  0  0  0  0   0  0  0  0  0  0  0  0   0  0  0  0  0  0  0  0   0  0  0  0  0  0  0  0   0  0  0  0  0  0  0  0   0  0  0  0  0  0  0  0   0  0  0  0  0  0  0  0   0  0  0  0  0  0  0  0   0  0  0  0  0  0  0  0   0  0  0  0  0  0  0  0   0  0  0  0  0  0  0  0      0
  0  0  0  0  0  0  0  0   0  0  0  0  0  0  0  0   0  0  0  0 -1  0  0  0   0  0  0 -1  4 -1  0  0   0  0  0  0 -1  0  0  0   0  0  0  0  0  0  0  0   0  0  0  0  0  0  0  0   0  0  0  0  0  0  0  0   0  0  0  0  0  0  0  0   0  0  0  0  0  0  0  0   0  0  0  0  0  0  0  0   0  0  0  0  0  0  0  0   0  0  0  0  0  0  0  0   0  0  0  0  0  0  0  0   0  0  0  0  0  0  0  0   0  0  0  0  0  0  0  0      0
  0  0  0  0  0  0  0  0   0  0  0  0  0  0  0  0   0  0  0  0  0 -1  0  0   0  0  0  0 -1  4 -1  0   0  0  0  0  0 -1  0  0   0  0  0  0  0  0  0  0   0  0  0  0  0  0  0  0   0  0  0  0  0  0  0  0   0  0  0  0  0  0  0  0   0  0  0  0  0  0  0  0   0  0  0  0  0  0  0  0   0  0  0  0  0  0  0  0   0  0  0  0  0  0  0  0   0  0  0  0  0  0  0  0   0  0  0  0  0  0  0  0   0  0  0  0  0  0  0  0      0
  0  0  0  0  0  0  0  0   0  0  0  0  0  0  0  0   0  0  0  0  0  0 -1  0   0  0  0  0  0 -1  4 -1   0  0  0  0  0  0 -1  0   0  0  0  0  0  0  0  0   0  0  0  0  0  0  0  0   0  0  0  0  0  0  0  0   0  0  0  0  0  0  0  0   0  0  0  0  0  0  0  0   0  0  0  0  0  0  0  0   0  0  0  0  0  0  0  0   0  0  0  0  0  0  0  0   0  0  0  0  0  0  0  0   0  0  0  0  0  0  0  0   0  0  0  0  0  0  0  0      0
  0  0  0  0  0  0  0  0   0  0  0  0  0  0  0  0   0  0  0  0  0  0  0 -1   0  0  0  0  0  0 -1  3   0  0  0  0  0  0  0 -1   0  0  0  0  0  0  0  0   0  0  0  0  0  0  0  0   0  0  0  0  0  0  0  0   0  0  0  0  0  0  0  0   0  0  0  0  0  0  0  0   0  0  0  0  0  0  0  0   0  0  0  0  0  0  0  0   0  0  0  0  0  0  0  0   0  0  0  0  0  0  0  0   0  0  0  0  0  0  0  0   0  0  0  0  0  0  0  0      0

  0  0  0  0  0  0  0  0   0  0  0  0  0  0  0  0   0  0  0  0  0  0  0  0  -1  0  0  0  0  0  0  0   3 -1  0  0  0  0  0  0  -1  0  0  0  0  0  0  0   0  0  0  0  0  0  0  0   0  0  0  0  0  0  0  0   0  0  0  0  0  0  0  0   0  0  0  0  0  0  0  0   0  0  0  0  0  0  0  0   0  0  0  0  0  0  0  0   0  0  0  0  0  0  0  0   0  0  0  0  0  0  0  0   0  0  0  0  0  0  0  0   0  0  0  0  0  0  0  0      0
  0  0  0  0  0  0  0  0   0  0  0  0  0  0  0  0   0  0  0  0  0  0  0  0   0 -1  0  0  0  0  0  0  -1  4 -1  0  0  0  0  0   0 -1  0  0  0  0  0  0   0  0  0  0  0  0  0  0   0  0  0  0  0  0  0  0   0  0  0  0  0  0  0  0   0  0  0  0  0  0  0  0   0  0  0  0  0  0  0  0   0  0  0  0  0  0  0  0   0  0  0  0  0  0  0  0   0  0  0  0  0  0  0  0   0  0  0  0  0  0  0  0   0  0  0  0  0  0  0  0      0
  0  0  0  0  0  0  0  0   0  0  0  0  0  0  0  0   0  0  0  0  0  0  0  0   0  0 -1  0  0  0  0  0   0 -1  4 -1  0  0  0  0   0  0 -1  0  0  0  0  0   0  0  0  0  0  0  0  0   0  0  0  0  0  0  0  0   0  0  0  0  0  0  0  0   0  0  0  0  0  0  0  0   0  0  0  0  0  0  0  0   0  0  0  0  0  0  0  0   0  0  0  0  0  0  0  0   0  0  0  0  0  0  0  0   0  0  0  0  0  0  0  0   0  0  0  0  0  0  0  0      0
  0  0  0  0  0  0  0  0   0  0  0  0  0  0  0  0   0  0  0  0  0  0  0  0   0  0  0 -1  0  0  0  0   0  0 -1  4 -1  0  0  0   0  0  0 -1  0  0  0  0   0  0  0  0  0  0  0  0   0  0  0  0  0  0  0  0   0  0  0  0  0  0  0  0   0  0  0  0  0  0  0  0   0  0  0  0  0  0  0  0   0  0  0  0  0  0  0  0   0  0  0  0  0  0  0  0   0  0  0  0  0  0  0  0   0  0  0  0  0  0  0  0   0  0  0  0  0  0  0  0      0
  0  0  0  0  0  0  0  0   0  0  0  0  0  0  0  0   0  0  0  0  0  0  0  0   0  0  0  0 -1  0  0  0   0  0  0 -1  4 -1  0  0   0  0  0  0 -1  0  0  0   0  0  0  0  0  0  0  0   0  0  0  0  0  0  0  0   0  0  0  0  0  0  0  0   0  0  0  0  0  0  0  0   0  0  0  0  0  0  0  0   0  0  0  0  0  0  0  0   0  0  0  0  0  0  0  0   0  0  0  0  0  0  0  0   0  0  0  0  0  0  0  0   0  0  0  0  0  0  0  0      0
  0  0  0  0  0  0  0  0   0  0  0  0  0  0  0  0   0  0  0  0  0  0  0  0   0  0  0  0  0 -1  0  0   0  0  0  0 -1  4 -1  0   0  0  0  0  0 -1  0  0   0  0  0  0  0  0  0  0   0  0  0  0  0  0  0  0   0  0  0  0  0  0  0  0   0  0  0  0  0  0  0  0   0  0  0  0  0  0  0  0   0  0  0  0  0  0  0  0   0  0  0  0  0  0  0  0   0  0  0  0  0  0  0  0   0  0  0  0  0  0  0  0   0  0  0  0  0  0  0  0      0
  0  0  0  0  0  0  0  0   0  0  0  0  0  0  0  0   0  0  0  0  0  0  0  0   0  0  0  0  0  0 -1  0   0  0  0  0  0 -1  4 -1   0  0  0  0  0  0 -1  0   0  0  0  0  0  0  0  0   0  0  0  0  0  0  0  0   0  0  0  0  0  0  0  0   0  0  0  0  0  0  0  0   0  0  0  0  0  0  0  0   0  0  0  0  0  0  0  0   0  0  0  0  0  0  0  0   0  0  0  0  0  0  0  0   0  0  0  0  0  0  0  0   0  0  0  0  0  0  0  0      0
  0  0  0  0  0  0  0  0   0  0  0  0  0  0  0  0   0  0  0  0  0  0  0  0   0  0  0  0  0  0  0 -1   0  0  0  0  0  0 -1  3   0  0  0  0  0  0  0 -1   0  0  0  0  0  0  0  0   0  0  0  0  0  0  0  0   0  0  0  0  0  0  0  0   0  0  0  0  0  0  0  0   0  0  0  0  0  0  0  0   0  0  0  0  0  0  0  0   0  0  0  0  0  0  0  0   0  0  0  0  0  0  0  0   0  0  0  0  0  0  0  0   0  0  0  0  0  0  0  0      0

  0  0  0  0  0  0  0  0   0  0  0  0  0  0  0  0   0  0  0  0  0  0  0  0   0  0  0  0  0  0  0  0  -1  0  0  0  0  0  0  0   3 -1  0  0  0  0  0  0  -1  0  0  0  0  0  0  0   0  0  0  0  0  0  0  0   0  0  0  0  0  0  0  0   0  0  0  0  0  0  0  0   0  0  0  0  0  0  0  0   0  0  0  0  0  0  0  0   0  0  0  0  0  0  0  0   0  0  0  0  0  0  0  0   0  0  0  0  0  0  0  0   0  0  0  0  0  0  0  0      0
  0  0  0  0  0  0  0  0   0  0  0  0  0  0  0  0   0  0  0  0  0  0  0  0   0  0  0  0  0  0  0  0   0 -1  0  0  0  0  0  0  -1  4 -1  0  0  0  0  0   0 -1  0  0  0  0  0  0   0  0  0  0  0  0  0  0   0  0  0  0  0  0  0  0   0  0  0  0  0  0  0  0   0  0  0  0  0  0  0  0   0  0  0  0  0  0  0  0   0  0  0  0  0  0  0  0   0  0  0  0  0  0  0  0   0  0  0  0  0  0  0  0   0  0  0  0  0  0  0  0      0
  0  0  0  0  0  0  0  0   0  0  0  0  0  0  0  0   0  0  0  0  0  0  0  0   0  0  0  0  0  0  0  0   0  0 -1  0  0  0  0  0   0 -1  4 -1  0  0  0  0   0  0 -1  0  0  0  0  0   0  0  0  0  0  0  0  0   0  0  0  0  0  0  0  0   0  0  0  0  0  0  0  0   0  0  0  0  0  0  0  0   0  0  0  0  0  0  0  0   0  0  0  0  0  0  0  0   0  0  0  0  0  0  0  0   0  0  0  0  0  0  0  0   0  0  0  0  0  0  0  0      0
  0  0  0  0  0  0  0  0   0  0  0  0  0  0  0  0   0  0  0  0  0  0  0  0   0  0  0  0  0  0  0  0   0  0  0 -1  0  0  0  0   0  0 -1  4 -1  0  0  0   0  0  0 -1  0  0  0  0   0  0  0  0  0  0  0  0   0  0  0  0  0  0  0  0   0  0  0  0  0  0  0  0   0  0  0  0  0  0  0  0   0  0  0  0  0  0  0  0   0  0  0  0  0  0  0  0   0  0  0  0  0  0  0  0   0  0  0  0  0  0  0  0   0  0  0  0  0  0  0  0      0
  0  0  0  0  0  0  0  0   0  0  0  0  0  0  0  0   0  0  0  0  0  0  0  0   0  0  0  0  0  0  0  0   0  0  0  0 -1  0  0  0   0  0  0 -1  4 -1  0  0   0  0  0  0 -1  0  0  0   0  0  0  0  0  0  0  0   0  0  0  0  0  0  0  0   0  0  0  0  0  0  0  0   0  0  0  0  0  0  0  0   0  0  0  0  0  0  0  0   0  0  0  0  0  0  0  0   0  0  0  0  0  0  0  0   0  0  0  0  0  0  0  0   0  0  0  0  0  0  0  0      0
  0  0  0  0  0  0  0  0   0  0  0  0  0  0  0  0   0  0  0  0  0  0  0  0   0  0  0  0  0  0  0  0   0  0  0  0  0 -1  0  0   0  0  0  0 -1  4 -1  0   0  0  0  0  0 -1  0  0   0  0  0  0  0  0  0  0   0  0  0  0  0  0  0  0   0  0  0  0  0  0  0  0   0  0  0  0  0  0  0  0   0  0  0  0  0  0  0  0   0  0  0  0  0  0  0  0   0  0  0  0  0  0  0  0   0  0  0  0  0  0  0  0   0  0  0  0  0  0  0  0      0
  0  0  0  0  0  0  0  0   0  0  0  0  0  0  0  0   0  0  0  0  0  0  0  0   0  0  0  0  0  0  0  0   0  0  0  0  0  0 -1  0   0  0  0  0  0 -1  4 -1   0  0  0  0  0  0 -1  0   0  0  0  0  0  0  0  0   0  0  0  0  0  0  0  0   0  0  0  0  0  0  0  0   0  0  0  0  0  0  0  0   0  0  0  0  0  0  0  0   0  0  0  0  0  0  0  0   0  0  0  0  0  0  0  0   0  0  0  0  0  0  0  0   0  0  0  0  0  0  0  0      0
  0  0  0  0  0  0  0  0   0  0  0  0  0  0  0  0   0  0  0  0  0  0  0  0   0  0  0  0  0  0  0  0   0  0  0  0  0  0  0 -1   0  0  0  0  0  0 -1  3   0  0  0  0  0  0  0 -1   0  0  0  0  0  0  0  0   0  0  0  0  0  0  0  0   0  0  0  0  0  0  0  0   0  0  0  0  0  0  0  0   0  0  0  0  0  0  0  0   0  0  0  0  0  0  0  0   0  0  0  0  0  0  0  0   0  0  0  0  0  0  0  0   0  0  0  0  0  0  0  0      0

  0  0  0  0  0  0  0  0   0  0  0  0  0  0  0  0   0  0  0  0  0  0  0  0   0  0  0  0  0  0  0  0   0  0  0  0  0  0  0  0  -1  0  0  0  0  0  0  0   3 -1  0  0  0  0  0  0  -1  0  0  0  0  0  0  0   0  0  0  0  0  0  0  0   0  0  0  0  0  0  0  0   0  0  0  0  0  0  0  0   0  0  0  0  0  0  0  0   0  0  0  0  0  0  0  0   0  0  0  0  0  0  0  0   0  0  0  0  0  0  0  0   0  0  0  0  0  0  0  0      0
  0  0  0  0  0  0  0  0   0  0  0  0  0  0  0  0   0  0  0  0  0  0  0  0   0  0  0  0  0  0  0  0   0  0  0  0  0  0  0  0   0 -1  0  0  0  0  0  0  -1  4 -1  0  0  0  0  0   0 -1  0  0  0  0  0  0   0  0  0  0  0  0  0  0   0  0  0  0  0  0  0  0   0  0  0  0  0  0  0  0   0  0  0  0  0  0  0  0   0  0  0  0  0  0  0  0   0  0  0  0  0  0  0  0   0  0  0  0  0  0  0  0   0  0  0  0  0  0  0  0      0
  0  0  0  0  0  0  0  0   0  0  0  0  0  0  0  0   0  0  0  0  0  0  0  0   0  0  0  0  0  0  0  0   0  0  0  0  0  0  0  0   0  0 -1  0  0  0  0  0   0 -1  4 -1  0  0  0  0   0  0 -1  0  0  0  0  0   0  0  0  0  0  0  0  0   0  0  0  0  0  0  0  0   0  0  0  0  0  0  0  0   0  0  0  0  0  0  0  0   0  0  0  0  0  0  0  0   0  0  0  0  0  0  0  0   0  0  0  0  0  0  0  0   0  0  0  0  0  0  0  0      0
  0  0  0  0  0  0  0  0   0  0  0  0  0  0  0  0   0  0  0  0  0  0  0  0   0  0  0  0  0  0  0  0   0  0  0  0  0  0  0  0   0  0  0 -1  0  0  0  0   0  0 -1  4 -1  0  0  0   0  0  0 -1  0  0  0  0   0  0  0  0  0  0  0  0   0  0  0  0  0  0  0  0   0  0  0  0  0  0  0  0   0  0  0  0  0  0  0  0   0  0  0  0  0  0  0  0   0  0  0  0  0  0  0  0   0  0  0  0  0  0  0  0   0  0  0  0  0  0  0  0      0
  0  0  0  0  0  0  0  0   0  0  0  0  0  0  0  0   0  0  0  0  0  0  0  0   0  0  0  0  0  0  0  0   0  0  0  0  0  0  0  0   0  0  0  0 -1  0  0  0   0  0  0 -1  4 -1  0  0   0  0  0  0 -1  0  0  0   0  0  0  0  0  0  0  0   0  0  0  0  0  0  0  0   0  0  0  0  0  0  0  0   0  0  0  0  0  0  0  0   0  0  0  0  0  0  0  0   0  0  0  0  0  0  0  0   0  0  0  0  0  0  0  0   0  0  0  0  0  0  0  0      0
  0  0  0  0  0  0  0  0   0  0  0  0  0  0  0  0   0  0  0  0  0  0  0  0   0  0  0  0  0  0  0  0   0  0  0  0  0  0  0  0   0  0  0  0  0 -1  0  0   0  0  0  0 -1  4 -1  0   0  0  0  0  0 -1  0  0   0  0  0  0  0  0  0  0   0  0  0  0  0  0  0  0   0  0  0  0  0  0  0  0   0  0  0  0  0  0  0  0   0  0  0  0  0  0  0  0   0  0  0  0  0  0  0  0   0  0  0  0  0  0  0  0   0  0  0  0  0  0  0  0      0
  0  0  0  0  0  0  0  0   0  0  0  0  0  0  0  0   0  0  0  0  0  0  0  0   0  0  0  0  0  0  0  0   0  0  0  0  0  0  0  0   0  0  0  0  0  0 -1  0   0  0  0  0  0 -1  4 -1   0  0  0  0  0  0 -1  0   0  0  0  0  0  0  0  0   0  0  0  0  0  0  0  0   0  0  0  0  0  0  0  0   0  0  0  0  0  0  0  0   0  0  0  0  0  0  0  0   0  0  0  0  0  0  0  0   0  0  0  0  0  0  0  0   0  0  0  0  0  0  0  0      0
  0  0  0  0  0  0  0  0   0  0  0  0  0  0  0  0   0  0  0  0  0  0  0  0   0  0  0  0  0  0  0  0   0  0  0  0  0  0  0  0   0  0  0  0  0  0  0 -1   0  0  0  0  0  0 -1  3   0  0  0  0  0  0  0 -1   0  0  0  0  0  0  0  0   0  0  0  0  0  0  0  0   0  0  0  0  0  0  0  0   0  0  0  0  0  0  0  0   0  0  0  0  0  0  0  0   0  0  0  0  0  0  0  0   0  0  0  0  0  0  0  0   0  0  0  0  0  0  0  0      0

  0  0  0  0  0  0  0  0   0  0  0  0  0  0  0  0   0  0  0  0  0  0  0  0   0  0  0  0  0  0  0  0   0  0  0  0  0  0  0  0   0  0  0  0  0  0  0  0  -1  0  0  0  0  0  0  0   3 -1  0  0  0  0  0  0  -1  0  0  0  0  0  0  0   0  0  0  0  0  0  0  0   0  0  0  0  0  0  0  0   0  0  0  0  0  0  0  0   0  0  0  0  0  0  0  0   0  0  0  0  0  0  0  0   0  0  0  0  0  0  0  0   0  0  0  0  0  0  0  0      0
  0  0  0  0  0  0  0  0   0  0  0  0  0  0  0  0   0  0  0  0  0  0  0  0   0  0  0  0  0  0  0  0   0  0  0  0  0  0  0  0   0  0  0  0  0  0  0  0   0 -1  0  0  0  0  0  0  -1  4 -1  0  0  0  0  0   0 -1  0  0  0  0  0  0   0  0  0  0  0  0  0  0   0  0  0  0  0  0  0  0   0  0  0  0  0  0  0  0   0  0  0  0  0  0  0  0   0  0  0  0  0  0  0  0   0  0  0  0  0  0  0  0   0  0  0  0  0  0  0  0      0
  0  0  0  0  0  0  0  0   0  0  0  0  0  0  0  0   0  0  0  0  0  0  0  0   0  0  0  0  0  0  0  0   0  0  0  0  0  0  0  0   0  0  0  0  0  0  0  0   0  0 -1  0  0  0  0  0   0 -1  4 -1  0  0  0  0   0  0 -1  0  0  0  0  0   0  0  0  0  0  0  0  0   0  0  0  0  0  0  0  0   0  0  0  0  0  0  0  0   0  0  0  0  0  0  0  0   0  0  0  0  0  0  0  0   0  0  0  0  0  0  0  0   0  0  0  0  0  0  0  0      0
  0  0  0  0  0  0  0  0   0  0  0  0  0  0  0  0   0  0  0  0  0  0  0  0   0  0  0  0  0  0  0  0   0  0  0  0  0  0  0  0   0  0  0  0  0  0  0  0   0  0  0 -1  0  0  0  0   0  0 -1  4 -1  0  0  0   0  0  0 -1  0  0  0  0   0  0  0  0  0  0  0  0   0  0  0  0  0  0  0  0   0  0  0  0  0  0  0  0   0  0  0  0  0  0  0  0   0  0  0  0  0  0  0  0   0  0  0  0  0  0  0  0   0  0  0  0  0  0  0  0      0
  0  0  0  0  0  0  0  0   0  0  0  0  0  0  0  0   0  0  0  0  0  0  0  0   0  0  0  0  0  0  0  0   0  0  0  0  0  0  0  0   0  0  0  0  0  0  0  0   0  0  0  0 -1  0  0  0   0  0  0 -1  4 -1  0  0   0  0  0  0 -1  0  0  0   0  0  0  0  0  0  0  0   0  0  0  0  0  0  0  0   0  0  0  0  0  0  0  0   0  0  0  0  0  0  0  0   0  0  0  0  0  0  0  0   0  0  0  0  0  0  0  0   0  0  0  0  0  0  0  0      0
  0  0  0  0  0  0  0  0   0  0  0  0  0  0  0  0   0  0  0  0  0  0  0  0   0  0  0  0  0  0  0  0   0  0  0  0  0  0  0  0   0  0  0  0  0  0  0  0   0  0  0  0  0 -1  0  0   0  0  0  0 -1  4 -1  0   0  0  0  0  0 -1  0  0   0  0  0  0  0  0  0  0   0  0  0  0  0  0  0  0   0  0  0  0  0  0  0  0   0  0  0  0  0  0  0  0   0  0  0  0  0  0  0  0   0  0  0  0  0  0  0  0   0  0  0  0  0  0  0  0      0
  0  0  0  0  0  0  0  0   0  0  0  0  0  0  0  0   0  0  0  0  0  0  0  0   0  0  0  0  0  0  0  0   0  0  0  0  0  0  0  0   0  0  0  0  0  0  0  0   0  0  0  0  0  0 -1  0   0  0  0  0  0 -1  4 -1   0  0  0  0  0  0 -1  0   0  0  0  0  0  0  0  0   0  0  0  0  0  0  0  0   0  0  0  0  0  0  0  0   0  0  0  0  0  0  0  0   0  0  0  0  0  0  0  0   0  0  0  0  0  0  0  0   0  0  0  0  0  0  0  0      0
  0  0  0  0  0  0  0  0   0  0  0  0  0  0  0  0   0  0  0  0  0  0  0  0   0  0  0  0  0  0  0  0   0  0  0  0  0  0  0  0   0  0  0  0  0  0  0  0   0  0  0  0  0  0  0 -1   0  0  0  0  0  0 -1  3   0  0  0  0  0  0  0 -1   0  0  0  0  0  0  0  0   0  0  0  0  0  0  0  0   0  0  0  0  0  0  0  0   0  0  0  0  0  0  0  0   0  0  0  0  0  0  0  0   0  0  0  0  0  0  0  0   0  0  0  0  0  0  0  0      0

  0  0  0  0  0  0  0  0   0  0  0  0  0  0  0  0   0  0  0  0  0  0  0  0   0  0  0  0  0  0  0  0   0  0  0  0  0  0  0  0   0  0  0  0  0  0  0  0   0  0  0  0  0  0  0  0  -1  0  0  0  0  0  0  0   3 -1  0  0  0  0  0  0  -1  0  0  0  0  0  0  0   0  0  0  0  0  0  0  0   0  0  0  0  0  0  0  0   0  0  0  0  0  0  0  0   0  0  0  0  0  0  0  0   0  0  0  0  0  0  0  0   0  0  0  0  0  0  0  0      0
  0  0  0  0  0  0  0  0   0  0  0  0  0  0  0  0   0  0  0  0  0  0  0  0   0  0  0  0  0  0  0  0   0  0  0  0  0  0  0  0   0  0  0  0  0  0  0  0   0  0  0  0  0  0  0  0   0 -1  0  0  0  0  0  0  -1  4 -1  0  0  0  0  0   0 -1  0  0  0  0  0  0   0  0  0  0  0  0  0  0   0  0  0  0  0  0  0  0   0  0  0  0  0  0  0  0   0  0  0  0  0  0  0  0   0  0  0  0  0  0  0  0   0  0  0  0  0  0  0  0      0
  0  0  0  0  0  0  0  0   0  0  0  0  0  0  0  0   0  0  0  0  0  0  0  0   0  0  0  0  0  0  0  0   0  0  0  0  0  0  0  0   0  0  0  0  0  0  0  0   0  0  0  0  0  0  0  0   0  0 -1  0  0  0  0  0   0 -1  4 -1  0  0  0  0   0  0 -1  0  0  0  0  0   0  0  0  0  0  0  0  0   0  0  0  0  0  0  0  0   0  0  0  0  0  0  0  0   0  0  0  0  0  0  0  0   0  0  0  0  0  0  0  0   0  0  0  0  0  0  0  0      0
  0  0  0  0  0  0  0  0   0  0  0  0  0  0  0  0   0  0  0  0  0  0  0  0   0  0  0  0  0  0  0  0   0  0  0  0  0  0  0  0   0  0  0  0  0  0  0  0   0  0  0  0  0  0  0  0   0  0  0 -1  0  0  0  0   0  0 -1  4 -1  0  0  0   0  0  0 -1  0  0  0  0   0  0  0  0  0  0  0  0   0  0  0  0  0  0  0  0   0  0  0  0  0  0  0  0   0  0  0  0  0  0  0  0   0  0  0  0  0  0  0  0   0  0  0  0  0  0  0  0      0
  0  0  0  0  0  0  0  0   0  0  0  0  0  0  0  0   0  0  0  0  0  0  0  0   0  0  0  0  0  0  0  0   0  0  0  0  0  0  0  0   0  0  0  0  0  0  0  0   0  0  0  0  0  0  0  0   0  0  0  0 -1  0  0  0   0  0  0 -1  4 -1  0  0   0  0  0  0 -1  0  0  0   0  0  0  0  0  0  0  0   0  0  0  0  0  0  0  0   0  0  0  0  0  0  0  0   0  0  0  0  0  0  0  0   0  0  0  0  0  0  0  0   0  0  0  0  0  0  0  0      0
  0  0  0  0  0  0  0  0   0  0  0  0  0  0  0  0   0  0  0  0  0  0  0  0   0  0  0  0  0  0  0  0   0  0  0  0  0  0  0  0   0  0  0  0  0  0  0  0   0  0  0  0  0  0  0  0   0  0  0  0  0 -1  0  0   0  0  0  0 -1  4 -1  0   0  0  0  0  0 -1  0  0   0  0  0  0  0  0  0  0   0  0  0  0  0  0  0  0   0  0  0  0  0  0  0  0   0  0  0  0  0  0  0  0   0  0  0  0  0  0  0  0   0  0  0  0  0  0  0  0      0
  0  0  0  0  0  0  0  0   0  0  0  0  0  0  0  0   0  0  0  0  0  0  0  0   0  0  0  0  0  0  0  0   0  0  0  0  0  0  0  0   0  0  0  0  0  0  0  0   0  0  0  0  0  0  0  0   0  0  0  0  0  0 -1  0   0  0  0  0  0 -1  4 -1   0  0  0  0  0  0 -1  0   0  0  0  0  0  0  0  0   0  0  0  0  0  0  0  0   0  0  0  0  0  0  0  0   0  0  0  0  0  0  0  0   0  0  0  0  0  0  0  0   0  0  0  0  0  0  0  0      0
  0  0  0  0  0  0  0  0   0  0  0  0  0  0  0  0   0  0  0  0  0  0  0  0   0  0  0  0  0  0  0  0   0  0  0  0  0  0  0  0   0  0  0  0  0  0  0  0   0  0  0  0  0  0  0  0   0  0  0  0  0  0  0 -1   0  0  0  0  0  0 -1  3   0  0  0  0  0  0  0 -1   0  0  0  0  0  0  0  0   0  0  0  0  0  0  0  0   0  0  0  0  0  0  0  0   0  0  0  0  0  0  0  0   0  0  0  0  0  0  0  0   0  0  0  0  0  0  0  0      0

  0  0  0  0  0  0  0  0   0  0  0  0  0  0  0  0   0  0  0  0  0  0  0  0   0  0  0  0  0  0  0  0   0  0  0  0  0  0  0  0   0  0  0  0  0  0  0  0   0  0  0  0  0  0  0  0   0  0  0  0  0  0  0  0  -1  0  0  0  0  0  0  0   3 -1  0  0  0  0  0  0  -1  0  0  0  0  0  0  0   0  0  0  0  0  0  0  0   0  0  0  0  0  0  0  0   0  0  0  0  0  0  0  0   0  0  0  0  0  0  0  0   0  0  0  0  0  0  0  0      0
  0  0  0  0  0  0  0  0   0  0  0  0  0  0  0  0   0  0  0  0  0  0  0  0   0  0  0  0  0  0  0  0   0  0  0  0  0  0  0  0   0  0  0  0  0  0  0  0   0  0  0  0  0  0  0  0   0  0  0  0  0  0  0  0   0 -1  0  0  0  0  0  0  -1  4 -1  0  0  0  0  0   0 -1  0  0  0  0  0  0   0  0  0  0  0  0  0  0   0  0  0  0  0  0  0  0   0  0  0  0  0  0  0  0   0  0  0  0  0  0  0  0   0  0  0  0  0  0  0  0      0
  0  0  0  0  0  0  0  0   0  0  0  0  0  0  0  0   0  0  0  0  0  0  0  0   0  0  0  0  0  0  0  0   0  0  0  0  0  0  0  0   0  0  0  0  0  0  0  0   0  0  0  0  0  0  0  0   0  0  0  0  0  0  0  0   0  0 -1  0  0  0  0  0   0 -1  4 -1  0  0  0  0   0  0 -1  0  0  0  0  0   0  0  0  0  0  0  0  0   0  0  0  0  0  0  0  0   0  0  0  0  0  0  0  0   0  0  0  0  0  0  0  0   0  0  0  0  0  0  0  0      0
  0  0  0  0  0  0  0  0   0  0  0  0  0  0  0  0   0  0  0  0  0  0  0  0   0  0  0  0  0  0  0  0   0  0  0  0  0  0  0  0   0  0  0  0  0  0  0  0   0  0  0  0  0  0  0  0   0  0  0  0  0  0  0  0   0  0  0 -1  0  0  0  0   0  0 -1  4 -1  0  0  0   0  0  0 -1  0  0  0  0   0  0  0  0  0  0  0  0   0  0  0  0  0  0  0  0   0  0  0  0  0  0  0  0   0  0  0  0  0  0  0  0   0  0  0  0  0  0  0  0      0
  0  0  0  0  0  0  0  0   0  0  0  0  0  0  0  0   0  0  0  0  0  0  0  0   0  0  0  0  0  0  0  0   0  0  0  0  0  0  0  0   0  0  0  0  0  0  0  0   0  0  0  0  0  0  0  0   0  0  0  0  0  0  0  0   0  0  0  0 -1  0  0  0   0  0  0 -1  4 -1  0  0   0  0  0  0 -1  0  0  0   0  0  0  0  0  0  0  0   0  0  0  0  0  0  0  0   0  0  0  0  0  0  0  0   0  0  0  0  0  0  0  0   0  0  0  0  0  0  0  0      0
  0  0  0  0  0  0  0  0   0  0  0  0  0  0  0  0   0  0  0  0  0  0  0  0   0  0  0  0  0  0  0  0   0  0  0  0  0  0  0  0   0  0  0  0  0  0  0  0   0  0  0  0  0  0  0  0   0  0  0  0  0  0  0  0   0  0  0  0  0 -1  0  0   0  0  0  0 -1  4 -1  0   0  0  0  0  0 -1  0  0   0  0  0  0  0  0  0  0   0  0  0  0  0  0  0  0   0  0  0  0  0  0  0  0   0  0  0  0  0  0  0  0   0  0  0  0  0  0  0  0      0
  0  0  0  0  0  0  0  0   0  0  0  0  0  0  0  0   0  0  0  0  0  0  0  0   0  0  0  0  0  0  0  0   0  0  0  0  0  0  0  0   0  0  0  0  0  0  0  0   0  0  0  0  0  0  0  0   0  0  0  0  0  0  0  0   0  0  0  0  0  0 -1  0   0  0  0  0  0 -1  4 -1   0  0  0  0  0  0 -1  0   0  0  0  0  0  0  0  0   0  0  0  0  0  0  0  0   0  0  0  0  0  0  0  0   0  0  0  0  0  0  0  0   0  0  0  0  0  0  0  0      0
  0  0  0  0  0  0  0  0   0  0  0  0  0  0  0  0   0  0  0  0  0  0  0  0   0  0  0  0  0  0  0  0   0  0  0  0  0  0  0  0   0  0  0  0  0  0  0  0   0  0  0  0  0  0  0  0   0  0  0  0  0  0  0  0   0  0  0  0  0  0  0 -1   0  0  0  0  0  0 -1  3   0  0  0  0  0  0  0 -1   0  0  0  0  0  0  0  0   0  0  0  0  0  0  0  0   0  0  0  0  0  0  0  0   0  0  0  0  0  0  0  0   0  0  0  0  0  0  0  0      0

  0  0  0  0  0  0  0  0   0  0  0  0  0  0  0  0   0  0  0  0  0  0  0  0   0  0  0  0  0  0  0  0   0  0  0  0  0  0  0  0   0  0  0  0  0  0  0  0   0  0  0  0  0  0  0  0   0  0  0  0  0  0  0  0   0  0  0  0  0  0  0  0  -1  0  0  0  0  0  0  0   3 -1  0  0  0  0  0  0  -1  0  0  0  0  0  0  0   0  0  0  0  0  0  0  0   0  0  0  0  0  0  0  0   0  0  0  0  0  0  0  0   0  0  0  0  0  0  0  0      0
  0  0  0  0  0  0  0  0   0  0  0  0  0  0  0  0   0  0  0  0  0  0  0  0   0  0  0  0  0  0  0  0   0  0  0  0  0  0  0  0   0  0  0  0  0  0  0  0   0  0  0  0  0  0  0  0   0  0  0  0  0  0  0  0   0  0  0  0  0  0  0  0   0 -1  0  0  0  0  0  0  -1  4 -1  0  0  0  0  0   0 -1  0  0  0  0  0  0   0  0  0  0  0  0  0  0   0  0  0  0  0  0  0  0   0  0  0  0  0  0  0  0   0  0  0  0  0  0  0  0      0
  0  0  0  0  0  0  0  0   0  0  0  0  0  0  0  0   0  0  0  0  0  0  0  0   0  0  0  0  0  0  0  0   0  0  0  0  0  0  0  0   0  0  0  0  0  0  0  0   0  0  0  0  0  0  0  0   0  0  0  0  0  0  0  0   0  0  0  0  0  0  0  0   0  0 -1  0  0  0  0  0   0 -1  4 -1  0  0  0  0   0  0 -1  0  0  0  0  0   0  0  0  0  0  0  0  0   0  0  0  0  0  0  0  0   0  0  0  0  0  0  0  0   0  0  0  0  0  0  0  0      0
  0  0  0  0  0  0  0  0   0  0  0  0  0  0  0  0   0  0  0  0  0  0  0  0   0  0  0  0  0  0  0  0   0  0  0  0  0  0  0  0   0  0  0  0  0  0  0  0   0  0  0  0  0  0  0  0   0  0  0  0  0  0  0  0   0  0  0  0  0  0  0  0   0  0  0 -1  0  0  0  0   0  0 -1  4 -1  0  0  0   0  0  0 -1  0  0  0  0   0  0  0  0  0  0  0  0   0  0  0  0  0  0  0  0   0  0  0  0  0  0  0  0   0  0  0  0  0  0  0  0      0
  0  0  0  0  0  0  0  0   0  0  0  0  0  0  0  0   0  0  0  0  0  0  0  0   0  0  0  0  0  0  0  0   0  0  0  0  0  0  0  0   0  0  0  0  0  0  0  0   0  0  0  0  0  0  0  0   0  0  0  0  0  0  0  0   0  0  0  0  0  0  0  0   0  0  0  0 -1  0  0  0   0  0  0 -1  4 -1  0  0   0  0  0  0 -1  0  0  0   0  0  0  0  0  0  0  0   0  0  0  0  0  0  0  0   0  0  0  0  0  0  0  0   0  0  0  0  0  0  0  0      0
  0  0  0  0  0  0  0  0   0  0  0  0  0  0  0  0   0  0  0  0  0  0  0  0   0  0  0  0  0  0  0  0   0  0  0  0  0  0  0  0   0  0  0  0  0  0  0  0   0  0  0  0  0  0  0  0   0  0  0  0  0  0  0  0   0  0  0  0  0  0  0  0   0  0  0  0  0 -1  0  0   0  0  0  0 -1  4 -1  0   0  0  0  0  0 -1  0  0   0  0  0  0  0  0  0  0   0  0  0  0  0  0  0  0   0  0  0  0  0  0  0  0   0  0  0  0  0  0  0  0      0
  0  0  0  0  0  0  0  0   0  0  0  0  0  0  0  0   0  0  0  0  0  0  0  0   0  0  0  0  0  0  0  0   0  0  0  0  0  0  0  0   0  0  0  0  0  0  0  0   0  0  0  0  0  0  0  0   0  0  0  0  0  0  0  0   0  0  0  0  0  0  0  0   0  0  0  0  0  0 -1  0   0  0  0  0  0 -1  4 -1   0  0  0  0  0  0 -1  0   0  0  0  0  0  0  0  0   0  0  0  0  0  0  0  0   0  0  0  0  0  0  0  0   0  0  0  0  0  0  0  0      0
  0  0  0  0  0  0  0  0   0  0  0  0  0  0  0  0   0  0  0  0  0  0  0  0   0  0  0  0  0  0  0  0   0  0  0  0  0  0  0  0   0  0  0  0  0  0  0  0   0  0  0  0  0  0  0  0   0  0  0  0  0  0  0  0   0  0  0  0  0  0  0  0   0  0  0  0  0  0  0 -1   0  0  0  0  0  0 -1  3   0  0  0  0  0  0  0 -1   0  0  0  0  0  0  0  0   0  0  0  0  0  0  0  0   0  0  0  0  0  0  0  0   0  0  0  0  0  0  0  0      0

  0  0  0  0  0  0  0  0   0  0  0  0  0  0  0  0   0  0  0  0  0  0  0  0   0  0  0  0  0  0  0  0   0  0  0  0  0  0  0  0   0  0  0  0  0  0  0  0   0  0  0  0  0  0  0  0   0  0  0  0  0  0  0  0   0  0  0  0  0  0  0  0   0  0  0  0  0  0  0  0  -1  0  0  0  0  0  0  0   3 -1  0  0  0  0  0  0  -1  0  0  0  0  0  0  0   0  0  0  0  0  0  0  0   0  0  0  0  0  0  0  0   0  0  0  0  0  0  0  0      0
  0  0  0  0  0  0  0  0   0  0  0  0  0  0  0  0   0  0  0  0  0  0  0  0   0  0  0  0  0  0  0  0   0  0  0  0  0  0  0  0   0  0  0  0  0  0  0  0   0  0  0  0  0  0  0  0   0  0  0  0  0  0  0  0   0  0  0  0  0  0  0  0   0  0  0  0  0  0  0  0   0 -1  0  0  0  0  0  0  -1  4 -1  0  0  0  0  0   0 -1  0  0  0  0  0  0   0  0  0  0  0  0  0  0   0  0  0  0  0  0  0  0   0  0  0  0  0  0  0  0      0
  0  0  0  0  0  0  0  0   0  0  0  0  0  0  0  0   0  0  0  0  0  0  0  0   0  0  0  0  0  0  0  0   0  0  0  0  0  0  0  0   0  0  0  0  0  0  0  0   0  0  0  0  0  0  0  0   0  0  0  0  0  0  0  0   0  0  0  0  0  0  0  0   0  0  0  0  0  0  0  0   0  0 -1  0  0  0  0  0   0 -1  4 -1  0  0  0  0   0  0 -1  0  0  0  0  0   0  0  0  0  0  0  0  0   0  0  0  0  0  0  0  0   0  0  0  0  0  0  0  0      0
  0  0  0  0  0  0  0  0   0  0  0  0  0  0  0  0   0  0  0  0  0  0  0  0   0  0  0  0  0  0  0  0   0  0  0  0  0  0  0  0   0  0  0  0  0  0  0  0   0  0  0  0  0  0  0  0   0  0  0  0  0  0  0  0   0  0  0  0  0  0  0  0   0  0  0  0  0  0  0  0   0  0  0 -1  0  0  0  0   0  0 -1  4 -1  0  0  0   0  0  0 -1  0  0  0  0   0  0  0  0  0  0  0  0   0  0  0  0  0  0  0  0   0  0  0  0  0  0  0  0      0
  0  0  0  0  0  0  0  0   0  0  0  0  0  0  0  0   0  0  0  0  0  0  0  0   0  0  0  0  0  0  0  0   0  0  0  0  0  0  0  0   0  0  0  0  0  0  0  0   0  0  0  0  0  0  0  0   0  0  0  0  0  0  0  0   0  0  0  0  0  0  0  0   0  0  0  0  0  0  0  0   0  0  0  0 -1  0  0  0   0  0  0 -1  4 -1  0  0   0  0  0  0 -1  0  0  0   0  0  0  0  0  0  0  0   0  0  0  0  0  0  0  0   0  0  0  0  0  0  0  0      0
  0  0  0  0  0  0  0  0   0  0  0  0  0  0  0  0   0  0  0  0  0  0  0  0   0  0  0  0  0  0  0  0   0  0  0  0  0  0  0  0   0  0  0  0  0  0  0  0   0  0  0  0  0  0  0  0   0  0  0  0  0  0  0  0   0  0  0  0  0  0  0  0   0  0  0  0  0  0  0  0   0  0  0  0  0 -1  0  0   0  0  0  0 -1  4 -1  0   0  0  0  0  0 -1  0  0   0  0  0  0  0  0  0  0   0  0  0  0  0  0  0  0   0  0  0  0  0  0  0  0      0
  0  0  0  0  0  0  0  0   0  0  0  0  0  0  0  0   0  0  0  0  0  0  0  0   0  0  0  0  0  0  0  0   0  0  0  0  0  0  0  0   0  0  0  0  0  0  0  0   0  0  0  0  0  0  0  0   0  0  0  0  0  0  0  0   0  0  0  0  0  0  0  0   0  0  0  0  0  0  0  0   0  0  0  0  0  0 -1  0   0  0  0  0  0 -1  4 -1   0  0  0  0  0  0 -1  0   0  0  0  0  0  0  0  0   0  0  0  0  0  0  0  0   0  0  0  0  0  0  0  0      0
  0  0  0  0  0  0  0  0   0  0  0  0  0  0  0  0   0  0  0  0  0  0  0  0   0  0  0  0  0  0  0  0   0  0  0  0  0  0  0  0   0  0  0  0  0  0  0  0   0  0  0  0  0  0  0  0   0  0  0  0  0  0  0  0   0  0  0  0  0  0  0  0   0  0  0  0  0  0  0  0   0  0  0  0  0  0  0 -1   0  0  0  0  0  0 -1  3   0  0  0  0  0  0  0 -1   0  0  0  0  0  0  0  0   0  0  0  0  0  0  0  0   0  0  0  0  0  0  0  0      0

  0  0  0  0  0  0  0  0   0  0  0  0  0  0  0  0   0  0  0  0  0  0  0  0   0  0  0  0  0  0  0  0   0  0  0  0  0  0  0  0   0  0  0  0  0  0  0  0   0  0  0  0  0  0  0  0   0  0  0  0  0  0  0  0   0  0  0  0  0  0  0  0   0  0  0  0  0  0  0  0   0  0  0  0  0  0  0  0  -1  0  0  0  0  0  0  0   3 -1  0  0  0  0  0  0  -1  0  0  0  0  0  0  0   0  0  0  0  0  0  0  0   0  0  0  0  0  0  0  0      0
  0  0  0  0  0  0  0  0   0  0  0  0  0  0  0  0   0  0  0  0  0  0  0  0   0  0  0  0  0  0  0  0   0  0  0  0  0  0  0  0   0  0  0  0  0  0  0  0   0  0  0  0  0  0  0  0   0  0  0  0  0  0  0  0   0  0  0  0  0  0  0  0   0  0  0  0  0  0  0  0   0  0  0  0  0  0  0  0   0 -1  0  0  0  0  0  0  -1  4 -1  0  0  0  0  0   0 -1  0  0  0  0  0  0   0  0  0  0  0  0  0  0   0  0  0  0  0  0  0  0      0
  0  0  0  0  0  0  0  0   0  0  0  0  0  0  0  0   0  0  0  0  0  0  0  0   0  0  0  0  0  0  0  0   0  0  0  0  0  0  0  0   0  0  0  0  0  0  0  0   0  0  0  0  0  0  0  0   0  0  0  0  0  0  0  0   0  0  0  0  0  0  0  0   0  0  0  0  0  0  0  0   0  0  0  0  0  0  0  0   0  0 -1  0  0  0  0  0   0 -1  4 -1  0  0  0  0   0  0 -1  0  0  0  0  0   0  0  0  0  0  0  0  0   0  0  0  0  0  0  0  0      0
  0  0  0  0  0  0  0  0   0  0  0  0  0  0  0  0   0  0  0  0  0  0  0  0   0  0  0  0  0  0  0  0   0  0  0  0  0  0  0  0   0  0  0  0  0  0  0  0   0  0  0  0  0  0  0  0   0  0  0  0  0  0  0  0   0  0  0  0  0  0  0  0   0  0  0  0  0  0  0  0   0  0  0  0  0  0  0  0   0  0  0 -1  0  0  0  0   0  0 -1  4 -1  0  0  0   0  0  0 -1  0  0  0  0   0  0  0  0  0  0  0  0   0  0  0  0  0  0  0  0      0
  0  0  0  0  0  0  0  0   0  0  0  0  0  0  0  0   0  0  0  0  0  0  0  0   0  0  0  0  0  0  0  0   0  0  0  0  0  0  0  0   0  0  0  0  0  0  0  0   0  0  0  0  0  0  0  0   0  0  0  0  0  0  0  0   0  0  0  0  0  0  0  0   0  0  0  0  0  0  0  0   0  0  0  0  0  0  0  0   0  0  0  0 -1  0  0  0   0  0  0 -1  4 -1  0  0   0  0  0  0 -1  0  0  0   0  0  0  0  0  0  0  0   0  0  0  0  0  0  0  0      0
  0  0  0  0  0  0  0  0   0  0  0  0  0  0  0  0   0  0  0  0  0  0  0  0   0  0  0  0  0  0  0  0   0  0  0  0  0  0  0  0   0  0  0  0  0  0  0  0   0  0  0  0  0  0  0  0   0  0  0  0  0  0  0  0   0  0  0  0  0  0  0  0   0  0  0  0  0  0  0  0   0  0  0  0  0  0  0  0   0  0  0  0  0 -1  0  0   0  0  0  0 -1  4 -1  0   0  0  0  0  0 -1  0  0   0  0  0  0  0  0  0  0   0  0  0  0  0  0  0  0      0
  0  0  0  0  0  0  0  0   0  0  0  0  0  0  0  0   0  0  0  0  0  0  0  0   0  0  0  0  0  0  0  0   0  0  0  0  0  0  0  0   0  0  0  0  0  0  0  0   0  0  0  0  0  0  0  0   0  0  0  0  0  0  0  0   0  0  0  0  0  0  0  0   0  0  0  0  0  0  0  0   0  0  0  0  0  0  0  0   0  0  0  0  0  0 -1  0   0  0  0  0  0 -1  4 -1   0  0  0  0  0  0 -1  0   0  0  0  0  0  0  0  0   0  0  0  0  0  0  0  0      0
  0  0  0  0  0  0  0  0   0  0  0  0  0  0  0  0   0  0  0  0  0  0  0  0   0  0  0  0  0  0  0  0   0  0  0  0  0  0  0  0   0  0  0  0  0  0  0  0   0  0  0  0  0  0  0  0   0  0  0  0  0  0  0  0   0  0  0  0  0  0  0  0   0  0  0  0  0  0  0  0   0  0  0  0  0  0  0  0   0  0  0  0  0  0  0 -1   0  0  0  0  0  0 -1  3   0  0  0  0  0  0  0 -1   0  0  0  0  0  0  0  0   0  0  0  0  0  0  0  0      0

  0  0  0  0  0  0  0  0   0  0  0  0  0  0  0  0   0  0  0  0  0  0  0  0   0  0  0  0  0  0  0  0   0  0  0  0  0  0  0  0   0  0  0  0  0  0  0  0   0  0  0  0  0  0  0  0   0  0  0  0  0  0  0  0   0  0  0  0  0  0  0  0   0  0  0  0  0  0  0  0   0  0  0  0  0  0  0  0   0  0  0  0  0  0  0  0  -1  0  0  0  0  0  0  0   3 -1  0  0  0  0  0  0  -1  0  0  0  0  0  0  0   0  0  0  0  0  0  0  0      0
  0  0  0  0  0  0  0  0   0  0  0  0  0  0  0  0   0  0  0  0  0  0  0  0   0  0  0  0  0  0  0  0   0  0  0  0  0  0  0  0   0  0  0  0  0  0  0  0   0  0  0  0  0  0  0  0   0  0  0  0  0  0  0  0   0  0  0  0  0  0  0  0   0  0  0  0  0  0  0  0   0  0  0  0  0  0  0  0   0  0  0  0  0  0  0  0   0 -1  0  0  0  0  0  0  -1  4 -1  0  0  0  0  0   0 -1  0  0  0  0  0  0   0  0  0  0  0  0  0  0      0
  0  0  0  0  0  0  0  0   0  0  0  0  0  0  0  0   0  0  0  0  0  0  0  0   0  0  0  0  0  0  0  0   0  0  0  0  0  0  0  0   0  0  0  0  0  0  0  0   0  0  0  0  0  0  0  0   0  0  0  0  0  0  0  0   0  0  0  0  0  0  0  0   0  0  0  0  0  0  0  0   0  0  0  0  0  0  0  0   0  0  0  0  0  0  0  0   0  0 -1  0  0  0  0  0   0 -1  4 -1  0  0  0  0   0  0 -1  0  0  0  0  0   0  0  0  0  0  0  0  0      0
  0  0  0  0  0  0  0  0   0  0  0  0  0  0  0  0   0  0  0  0  0  0  0  0   0  0  0  0  0  0  0  0   0  0  0  0  0  0  0  0   0  0  0  0  0  0  0  0   0  0  0  0  0  0  0  0   0  0  0  0  0  0  0  0   0  0  0  0  0  0  0  0   0  0  0  0  0  0  0  0   0  0  0  0  0  0  0  0   0  0  0  0  0  0  0  0   0  0  0 -1  0  0  0  0   0  0 -1  4 -1  0  0  0   0  0  0 -1  0  0  0  0   0  0  0  0  0  0  0  0      0
  0  0  0  0  0  0  0  0   0  0  0  0  0  0  0  0   0  0  0  0  0  0  0  0   0  0  0  0  0  0  0  0   0  0  0  0  0  0  0  0   0  0  0  0  0  0  0  0   0  0  0  0  0  0  0  0   0  0  0  0  0  0  0  0   0  0  0  0  0  0  0  0   0  0  0  0  0  0  0  0   0  0  0  0  0  0  0  0   0  0  0  0  0  0  0  0   0  0  0  0 -1  0  0  0   0  0  0 -1  4 -1  0  0   0  0  0  0 -1  0  0  0   0  0  0  0  0  0  0  0      0
  0  0  0  0  0  0  0  0   0  0  0  0  0  0  0  0   0  0  0  0  0  0  0  0   0  0  0  0  0  0  0  0   0  0  0  0  0  0  0  0   0  0  0  0  0  0  0  0   0  0  0  0  0  0  0  0   0  0  0  0  0  0  0  0   0  0  0  0  0  0  0  0   0  0  0  0  0  0  0  0   0  0  0  0  0  0  0  0   0  0  0  0  0  0  0  0   0  0  0  0  0 -1  0  0   0  0  0  0 -1  4 -1  0   0  0  0  0  0 -1  0  0   0  0  0  0  0  0  0  0      0
  0  0  0  0  0  0  0  0   0  0  0  0  0  0  0  0   0  0  0  0  0  0  0  0   0  0  0  0  0  0  0  0   0  0  0  0  0  0  0  0   0  0  0  0  0  0  0  0   0  0  0  0  0  0  0  0   0  0  0  0  0  0  0  0   0  0  0  0  0  0  0  0   0  0  0  0  0  0  0  0   0  0  0  0  0  0  0  0   0  0  0  0  0  0  0  0   0  0  0  0  0  0 -1  0   0  0  0  0  0 -1  4 -1   0  0  0  0  0  0 -1  0   0  0  0  0  0  0  0  0      0
  0  0  0  0  0  0  0  0   0  0  0  0  0  0  0  0   0  0  0  0  0  0  0  0   0  0  0  0  0  0  0  0   0  0  0  0  0  0  0  0   0  0  0  0  0  0  0  0   0  0  0  0  0  0  0  0   0  0  0  0  0  0  0  0   0  0  0  0  0  0  0  0   0  0  0  0  0  0  0  0   0  0  0  0  0  0  0  0   0  0  0  0  0  0  0  0   0  0  0  0  0  0  0 -1   0  0  0  0  0  0 -1  3   0  0  0  0  0  0  0 -1   0  0  0  0  0  0  0  0      0

  0  0  0  0  0  0  0  0   0  0  0  0  0  0  0  0   0  0  0  0  0  0  0  0   0  0  0  0  0  0  0  0   0  0  0  0  0  0  0  0   0  0  0  0  0  0  0  0   0  0  0  0  0  0  0  0   0  0  0  0  0  0  0  0   0  0  0  0  0  0  0  0   0  0  0  0  0  0  0  0   0  0  0  0  0  0  0  0   0  0  0  0  0  0  0  0   0  0  0  0  0  0  0  0  -1  0  0  0  0  0  0  0   3 -1  0  0  0  0  0  0  -1  0  0  0  0  0  0  0      0
  0  0  0  0  0  0  0  0   0  0  0  0  0  0  0  0   0  0  0  0  0  0  0  0   0  0  0  0  0  0  0  0   0  0  0  0  0  0  0  0   0  0  0  0  0  0  0  0   0  0  0  0  0  0  0  0   0  0  0  0  0  0  0  0   0  0  0  0  0  0  0  0   0  0  0  0  0  0  0  0   0  0  0  0  0  0  0  0   0  0  0  0  0  0  0  0   0  0  0  0  0  0  0  0   0 -1  0  0  0  0  0  0  -1  4 -1  0  0  0  0  0   0 -1  0  0  0  0  0  0      0
  0  0  0  0  0  0  0  0   0  0  0  0  0  0  0  0   0  0  0  0  0  0  0  0   0  0  0  0  0  0  0  0   0  0  0  0  0  0  0  0   0  0  0  0  0  0  0  0   0  0  0  0  0  0  0  0   0  0  0  0  0  0  0  0   0  0  0  0  0  0  0  0   0  0  0  0  0  0  0  0   0  0  0  0  0  0  0  0   0  0  0  0  0  0  0  0   0  0  0  0  0  0  0  0   0  0 -1  0  0  0  0  0   0 -1  4 -1  0  0  0  0   0  0 -1  0  0  0  0  0      0
  0  0  0  0  0  0  0  0   0  0  0  0  0  0  0  0   0  0  0  0  0  0  0  0   0  0  0  0  0  0  0  0   0  0  0  0  0  0  0  0   0  0  0  0  0  0  0  0   0  0  0  0  0  0  0  0   0  0  0  0  0  0  0  0   0  0  0  0  0  0  0  0   0  0  0  0  0  0  0  0   0  0  0  0  0  0  0  0   0  0  0  0  0  0  0  0   0  0  0  0  0  0  0  0   0  0  0 -1  0  0  0  0   0  0 -1  4 -1  0  0  0   0  0  0 -1  0  0  0  0      0
  0  0  0  0  0  0  0  0   0  0  0  0  0  0  0  0   0  0  0  0  0  0  0  0   0  0  0  0  0  0  0  0   0  0  0  0  0  0  0  0   0  0  0  0  0  0  0  0   0  0  0  0  0  0  0  0   0  0  0  0  0  0  0  0   0  0  0  0  0  0  0  0   0  0  0  0  0  0  0  0   0  0  0  0  0  0  0  0   0  0  0  0  0  0  0  0   0  0  0  0  0  0  0  0   0  0  0  0 -1  0  0  0   0  0  0 -1  4 -1  0  0   0  0  0  0 -1  0  0  0      0
  0  0  0  0  0  0  0  0   0  0  0  0  0  0  0  0   0  0  0  0  0  0  0  0   0  0  0  0  0  0  0  0   0  0  0  0  0  0  0  0   0  0  0  0  0  0  0  0   0  0  0  0  0  0  0  0   0  0  0  0  0  0  0  0   0  0  0  0  0  0  0  0   0  0  0  0  0  0  0  0   0  0  0  0  0  0  0  0   0  0  0  0  0  0  0  0   0  0  0  0  0  0  0  0   0  0  0  0  0 -1  0  0   0  0  0  0 -1  4 -1  0   0  0  0  0  0 -1  0  0      0
  0  0  0  0  0  0  0  0   0  0  0  0  0  0  0  0   0  0  0  0  0  0  0  0   0  0  0  0  0  0  0  0   0  0  0  0  0  0  0  0   0  0  0  0  0  0  0  0   0  0  0  0  0  0  0  0   0  0  0  0  0  0  0  0   0  0  0  0  0  0  0  0   0  0  0  0  0  0  0  0   0  0  0  0  0  0  0  0   0  0  0  0  0  0  0  0   0  0  0  0  0  0  0  0   0  0  0  0  0  0 -1  0   0  0  0  0  0 -1  4 -1   0  0  0  0  0  0 -1  0      0
  0  0  0  0  0  0  0  0   0  0  0  0  0  0  0  0   0  0  0  0  0  0  0  0   0  0  0  0  0  0  0  0   0  0  0  0  0  0  0  0   0  0  0  0  0  0  0  0   0  0  0  0  0  0  0  0   0  0  0  0  0  0  0  0   0  0  0  0  0  0  0  0   0  0  0  0  0  0  0  0   0  0  0  0  0  0  0  0   0  0  0  0  0  0  0  0   0  0  0  0  0  0  0  0   0  0  0  0  0  0  0 -1   0  0  0  0  0  0 -1  3   0  0  0  0  0  0  0 -1      0

  0  0  0  0  0  0  0  0   0  0  0  0  0  0  0  0   0  0  0  0  0  0  0  0   0  0  0  0  0  0  0  0   0  0  0  0  0  0  0  0   0  0  0  0  0  0  0  0   0  0  0  0  0  0  0  0   0  0  0  0  0  0  0  0   0  0  0  0  0  0  0  0   0  0  0  0  0  0  0  0   0  0  0  0  0  0  0  0   0  0  0  0  0  0  0  0   0  0  0  0  0  0  0  0   0  0  0  0  0  0  0  0  -1  0  0  0  0  0  0  0   3 -1  0  0  0  0  0  0     10
  0  0  0  0  0  0  0  0   0  0  0  0  0  0  0  0   0  0  0  0  0  0  0  0   0  0  0  0  0  0  0  0   0  0  0  0  0  0  0  0   0  0  0  0  0  0  0  0   0  0  0  0  0  0  0  0   0  0  0  0  0  0  0  0   0  0  0  0  0  0  0  0   0  0  0  0  0  0  0  0   0  0  0  0  0  0  0  0   0  0  0  0  0  0  0  0   0  0  0  0  0  0  0  0   0  0  0  0  0  0  0  0   0 -1  0  0  0  0  0  0  -1  4 -1  0  0  0  0  0     10
  0  0  0  0  0  0  0  0   0  0  0  0  0  0  0  0   0  0  0  0  0  0  0  0   0  0  0  0  0  0  0  0   0  0  0  0  0  0  0  0   0  0  0  0  0  0  0  0   0  0  0  0  0  0  0  0   0  0  0  0  0  0  0  0   0  0  0  0  0  0  0  0   0  0  0  0  0  0  0  0   0  0  0  0  0  0  0  0   0  0  0  0  0  0  0  0   0  0  0  0  0  0  0  0   0  0  0  0  0  0  0  0   0  0 -1  0  0  0  0  0   0 -1  4 -1  0  0  0  0     10
  0  0  0  0  0  0  0  0   0  0  0  0  0  0  0  0   0  0  0  0  0  0  0  0   0  0  0  0  0  0  0  0   0  0  0  0  0  0  0  0   0  0  0  0  0  0  0  0   0  0  0  0  0  0  0  0   0  0  0  0  0  0  0  0   0  0  0  0  0  0  0  0   0  0  0  0  0  0  0  0   0  0  0  0  0  0  0  0   0  0  0  0  0  0  0  0   0  0  0  0  0  0  0  0   0  0  0  0  0  0  0  0   0  0  0 -1  0  0  0  0   0  0 -1  4 -1  0  0  0     10
  0  0  0  0  0  0  0  0   0  0  0  0  0  0  0  0   0  0  0  0  0  0  0  0   0  0  0  0  0  0  0  0   0  0  0  0  0  0  0  0   0  0  0  0  0  0  0  0   0  0  0  0  0  0  0  0   0  0  0  0  0  0  0  0   0  0  0  0  0  0  0  0   0  0  0  0  0  0  0  0   0  0  0  0  0  0  0  0   0  0  0  0  0  0  0  0   0  0  0  0  0  0  0  0   0  0  0  0  0  0  0  0   0  0  0  0 -1  0  0  0   0  0  0 -1  4 -1  0  0     10
  0  0  0  0  0  0  0  0   0  0  0  0  0  0  0  0   0  0  0  0  0  0  0  0   0  0  0  0  0  0  0  0   0  0  0  0  0  0  0  0   0  0  0  0  0  0  0  0   0  0  0  0  0  0  0  0   0  0  0  0  0  0  0  0   0  0  0  0  0  0  0  0   0  0  0  0  0  0  0  0   0  0  0  0  0  0  0  0   0  0  0  0  0  0  0  0   0  0  0  0  0  0  0  0   0  0  0  0  0  0  0  0   0  0  0  0  0 -1  0  0   0  0  0  0 -1  4 -1  0     10
  0  0  0  0  0  0  0  0   0  0  0  0  0  0  0  0   0  0  0  0  0  0  0  0   0  0  0  0  0  0  0  0   0  0  0  0  0  0  0  0   0  0  0  0  0  0  0  0   0  0  0  0  0  0  0  0   0  0  0  0  0  0  0  0   0  0  0  0  0  0  0  0   0  0  0  0  0  0  0  0   0  0  0  0  0  0  0  0   0  0  0  0  0  0  0  0   0  0  0  0  0  0  0  0   0  0  0  0  0  0  0  0   0  0  0  0  0  0 -1  0   0  0  0  0  0 -1  4 -1     10
  0  0  0  0  0  0  0  0   0  0  0  0  0  0  0  0   0  0  0  0  0  0  0  0   0  0  0  0  0  0  0  0   0  0  0  0  0  0  0  0   0  0  0  0  0  0  0  0   0  0  0  0  0  0  0  0   0  0  0  0  0  0  0  0   0  0  0  0  0  0  0  0   0  0  0  0  0  0  0  0   0  0  0  0  0  0  0  0   0  0  0  0  0  0  0  0   0  0  0  0  0  0  0  0   0  0  0  0  0  0  0  0   0  0  0  0  0  0  0 -1   0  0  0  0  0  0 -1  3     10

